
Linear Regression Model

PRICE =

     -0.0241 * WEALTH_INDEX +
     -0.4985 * EDUCATION_INDEX +
      0.0077 * AVERAGE_SALARY +
      0.9312 * MARKET_INDEX=,D,C,B,A,AA,AAA +
     -5.2637 * MARKET_INDEX=B,A,AA,AAA +
     -8.0841 * MARKET_INDEX=AA,AAA +
    238.3499 * MARKET_INDEX=AAA +
      0      * MARKET_VOLUME +
      0.044  * LOCAL_PERCENT +
      0.9932 * LOCAL_PRICE +
     -0.1337 * LOCAL_QUALITY +
     -4.4416 * SHOP_SIZE=500,1000,3,2,5,4,1,10000,100000 +
      2.9161 * SHOP_SIZE=1000,3,2,5,4,1,10000,100000 +
     -0.4097 * SHOP_SIZE=2,5,4,1,10000,100000 +
     -0.4192 * SHOP_SIZE=5,4,1,10000,100000 +
     -0.4035 * SHOP_SIZE=4,1,10000,100000 +
     -0.4218 * SHOP_SIZE=1,10000,100000 +
     -0.4057 * SHOP_SIZE=10000,100000 +
      4.6253 * SHOP_SIZE=100000 +
     -0.8495 * TOWN_DISTRICT=Пригород,Спальный район,,Центр города,Фешенебельный район +
      1.5277 * TOWN_DISTRICT=Спальный район,,Центр города,Фешенебельный район +
     -0.4877 * TOWN_DISTRICT=,Центр города,Фешенебельный район +
      2.5297 * TOWN_DISTRICT=Фешенебельный район +
      1.4446 * DEPARTMENT_COUNT=3,5,6,7,1,10,8,9 +
     -5.7808 * DEPARTMENT_COUNT=5,6,7,1,10,8,9 +
      2.3735 * DEPARTMENT_COUNT=6,7,1,10,8,9 +
     -5.2183 * DEPARTMENT_COUNT=7,1,10,8,9 +
     10.3889 * DEPARTMENT_COUNT=1,10,8,9 +
     -5.8009 * DEPARTMENT_COUNT=10,8,9 +
     -6.2335 * DEPARTMENT_COUNT=8,9 +
     13.0155 * DEPARTMENT_COUNT=9 +
      0.7005 * BRAND +
      0.407  * QUALITY +
      0.0195 * NOTORIETY +
      6.6072 * VISITORS_COUNT=около 20 000,около 30 000,около 50,около 2 000,около 300,около 3 000,более 100,более 200,около 200,около 100,более 300,около 500,более 3 000,более 2 000,более 10 000,около 10 000,около 100 000,более 1 000,,около 5 000,около 1 000,более 20 000,более 100 000,около 50 000,более 200 000,более 30 000,около 1 000 000,более 300 000,более 1 000 000,около 500 000,более 2 000 000,более 3 000 000,около 5 000 000 +
    -10.2861 * VISITORS_COUNT=около 30 000,около 50,около 2 000,около 300,около 3 000,более 100,более 200,около 200,около 100,более 300,около 500,более 3 000,более 2 000,более 10 000,около 10 000,около 100 000,более 1 000,,около 5 000,около 1 000,более 20 000,более 100 000,около 50 000,более 200 000,более 30 000,около 1 000 000,более 300 000,более 1 000 000,около 500 000,более 2 000 000,более 3 000 000,около 5 000 000 +
      5.9241 * VISITORS_COUNT=около 50,около 2 000,около 300,около 3 000,более 100,более 200,около 200,около 100,более 300,около 500,более 3 000,более 2 000,более 10 000,около 10 000,около 100 000,более 1 000,,около 5 000,около 1 000,более 20 000,более 100 000,около 50 000,более 200 000,более 30 000,около 1 000 000,более 300 000,более 1 000 000,около 500 000,более 2 000 000,более 3 000 000,около 5 000 000 +
     -2.3776 * VISITORS_COUNT=около 300,около 3 000,более 100,более 200,около 200,около 100,более 300,около 500,более 3 000,более 2 000,более 10 000,около 10 000,около 100 000,более 1 000,,около 5 000,около 1 000,более 20 000,более 100 000,около 50 000,более 200 000,более 30 000,около 1 000 000,более 300 000,более 1 000 000,около 500 000,более 2 000 000,более 3 000 000,около 5 000 000 +
      5.8776 * VISITORS_COUNT=около 3 000,более 100,более 200,около 200,около 100,более 300,около 500,более 3 000,более 2 000,более 10 000,около 10 000,около 100 000,более 1 000,,около 5 000,около 1 000,более 20 000,более 100 000,около 50 000,более 200 000,более 30 000,около 1 000 000,более 300 000,более 1 000 000,около 500 000,более 2 000 000,более 3 000 000,около 5 000 000 +
     -2.1242 * VISITORS_COUNT=более 100,более 200,около 200,около 100,более 300,около 500,более 3 000,более 2 000,более 10 000,около 10 000,около 100 000,более 1 000,,около 5 000,около 1 000,более 20 000,более 100 000,около 50 000,более 200 000,более 30 000,около 1 000 000,более 300 000,более 1 000 000,около 500 000,более 2 000 000,более 3 000 000,около 5 000 000 +
      1.1379 * VISITORS_COUNT=около 200,около 100,более 300,около 500,более 3 000,более 2 000,более 10 000,около 10 000,около 100 000,более 1 000,,около 5 000,около 1 000,более 20 000,более 100 000,около 50 000,более 200 000,более 30 000,около 1 000 000,более 300 000,более 1 000 000,около 500 000,более 2 000 000,более 3 000 000,около 5 000 000 +
     -0.5379 * VISITORS_COUNT=около 100,более 300,около 500,более 3 000,более 2 000,более 10 000,около 10 000,около 100 000,более 1 000,,около 5 000,около 1 000,более 20 000,более 100 000,около 50 000,более 200 000,более 30 000,около 1 000 000,более 300 000,более 1 000 000,около 500 000,более 2 000 000,более 3 000 000,около 5 000 000 +
     -1.4153 * VISITORS_COUNT=более 300,около 500,более 3 000,более 2 000,более 10 000,около 10 000,около 100 000,более 1 000,,около 5 000,около 1 000,более 20 000,более 100 000,около 50 000,более 200 000,более 30 000,около 1 000 000,более 300 000,более 1 000 000,около 500 000,более 2 000 000,более 3 000 000,около 5 000 000 +
     -4.5829 * VISITORS_COUNT=более 3 000,более 2 000,более 10 000,около 10 000,около 100 000,более 1 000,,около 5 000,около 1 000,более 20 000,более 100 000,около 50 000,более 200 000,более 30 000,около 1 000 000,более 300 000,более 1 000 000,около 500 000,более 2 000 000,более 3 000 000,около 5 000 000 +
      4.7207 * VISITORS_COUNT=более 2 000,более 10 000,около 10 000,около 100 000,более 1 000,,около 5 000,около 1 000,более 20 000,более 100 000,около 50 000,более 200 000,более 30 000,около 1 000 000,более 300 000,более 1 000 000,около 500 000,более 2 000 000,более 3 000 000,около 5 000 000 +
     -0.4514 * VISITORS_COUNT=более 10 000,около 10 000,около 100 000,более 1 000,,около 5 000,около 1 000,более 20 000,более 100 000,около 50 000,более 200 000,более 30 000,около 1 000 000,более 300 000,более 1 000 000,около 500 000,более 2 000 000,более 3 000 000,около 5 000 000 +
      0.5736 * VISITORS_COUNT=около 10 000,около 100 000,более 1 000,,около 5 000,около 1 000,более 20 000,более 100 000,около 50 000,более 200 000,более 30 000,около 1 000 000,более 300 000,более 1 000 000,около 500 000,более 2 000 000,более 3 000 000,около 5 000 000 +
     -0.829  * VISITORS_COUNT=около 100 000,более 1 000,,около 5 000,около 1 000,более 20 000,более 100 000,около 50 000,более 200 000,более 30 000,около 1 000 000,более 300 000,более 1 000 000,около 500 000,более 2 000 000,более 3 000 000,около 5 000 000 +
      1.4672 * VISITORS_COUNT=более 1 000,,около 5 000,около 1 000,более 20 000,более 100 000,около 50 000,более 200 000,более 30 000,около 1 000 000,более 300 000,более 1 000 000,около 500 000,более 2 000 000,более 3 000 000,около 5 000 000 +
     -1.7965 * VISITORS_COUNT=,около 5 000,около 1 000,более 20 000,более 100 000,около 50 000,более 200 000,более 30 000,около 1 000 000,более 300 000,более 1 000 000,около 500 000,более 2 000 000,более 3 000 000,около 5 000 000 +
     -1.7974 * VISITORS_COUNT=около 5 000,около 1 000,более 20 000,более 100 000,около 50 000,более 200 000,более 30 000,около 1 000 000,более 300 000,более 1 000 000,около 500 000,более 2 000 000,более 3 000 000,около 5 000 000 +
      4.3233 * VISITORS_COUNT=около 1 000,более 20 000,более 100 000,около 50 000,более 200 000,более 30 000,около 1 000 000,более 300 000,более 1 000 000,около 500 000,более 2 000 000,более 3 000 000,около 5 000 000 +
     -1.8939 * VISITORS_COUNT=более 20 000,более 100 000,около 50 000,более 200 000,более 30 000,около 1 000 000,более 300 000,более 1 000 000,около 500 000,более 2 000 000,более 3 000 000,около 5 000 000 +
     -3.9028 * VISITORS_COUNT=более 100 000,около 50 000,более 200 000,более 30 000,около 1 000 000,более 300 000,более 1 000 000,около 500 000,более 2 000 000,более 3 000 000,около 5 000 000 +
      1.7945 * VISITORS_COUNT=около 50 000,более 200 000,более 30 000,около 1 000 000,более 300 000,более 1 000 000,около 500 000,более 2 000 000,более 3 000 000,около 5 000 000 +
