
Linear Regression Model

PRICE =

     -0.0743 * WEALTH_INDEX +
     -0.716  * EDUCATION_INDEX +
      0.0078 * AVERAGE_SALARY +
     -0.6489 * MARKET_INDEX=D,B,,AAA,A,E,AA +
     -0.3997 * MARKET_INDEX=B,,AAA,A,E,AA +
     -0.2879 * MARKET_INDEX=,AAA,A,E,AA +
     -0.3063 * MARKET_INDEX=AAA,A,E,AA +
      1.3999 * MARKET_INDEX=A,E,AA +
     -0.725  * MARKET_INDEX=E,AA +
      4.8849 * MARKET_INDEX=AA +
      0      * MARKET_VOLUME +
      0.0655 * LOCAL_PERCENT +
      0.5961 * LOCAL_PRICE +
     -2.6652 * LOCAL_QUALITY +
    -10.2103 * SHOP_SIZE=500,10000,100000,4,3,2,1,5,1000 +
     -4.443  * SHOP_SIZE=10000,100000,4,3,2,1,5,1000 +
     -0.6073 * SHOP_SIZE=100000,4,3,2,1,5,1000 +
      1.0286 * SHOP_SIZE=4,3,2,1,5,1000 +
      1.0549 * SHOP_SIZE=3,2,1,5,1000 +
      1.0624 * SHOP_SIZE=2,1,5,1000 +
      1.0723 * SHOP_SIZE=1,5,1000 +
      1.0882 * SHOP_SIZE=5,1000 +
      1.1029 * SHOP_SIZE=1000 +
     -0.6548 * TOWN_DISTRICT=Спальный район,Окраина,Центр города,,Фешенебельный район +
      2.7291 * TOWN_DISTRICT=Окраина,Центр города,,Фешенебельный район +
     -3.9256 * TOWN_DISTRICT=Центр города,,Фешенебельный район +
      2.3534 * TOWN_DISTRICT=,Фешенебельный район +
      2.3431 * TOWN_DISTRICT=Фешенебельный район +
      1.5461 * DEPARTMENT_COUNT=3,4,5,6,9,1,8,7,10 +
     -0.9486 * DEPARTMENT_COUNT=4,5,6,9,1,8,7,10 +
     -1.4657 * DEPARTMENT_COUNT=5,6,9,1,8,7,10 +
      0.7142 * DEPARTMENT_COUNT=6,9,1,8,7,10 +
      3.4867 * DEPARTMENT_COUNT=9,1,8,7,10 +
     -0.3395 * DEPARTMENT_COUNT=1,8,7,10 +
     -4.2048 * DEPARTMENT_COUNT=8,7,10 +
      3.6943 * DEPARTMENT_COUNT=7,10 +
      3.2792 * DEPARTMENT_COUNT=10 +
     -8.0839 * BRAND +
      3.337  * QUALITY +
      0.0034 * NOTORIETY +
      8.8958 * VISITORS_COUNT=около 30 000,около 50,более 100,более 200,около 100,более 10 000,более 20 000,более 3 000,более 300,около 100 000,более 100 000,более 200 000,около 300,около 50 000,около 10 000,более 30 000,,около 500,более 300 000,более 2 000,около 200,около 5 000,около 500 000,около 20 000,около 1 000,более 1 000,более 1 000 000,около 1 000 000,около 3 000,более 2 000 000,около 2 000,около 5 000 000,более 3 000 000 +
     -2.4195 * VISITORS_COUNT=около 50,более 100,более 200,около 100,более 10 000,более 20 000,более 3 000,более 300,около 100 000,более 100 000,более 200 000,около 300,около 50 000,около 10 000,более 30 000,,около 500,более 300 000,более 2 000,около 200,около 5 000,около 500 000,около 20 000,около 1 000,более 1 000,более 1 000 000,около 1 000 000,около 3 000,более 2 000 000,около 2 000,около 5 000 000,более 3 000 000 +
      3.5053 * VISITORS_COUNT=более 100,более 200,около 100,более 10 000,более 20 000,более 3 000,более 300,около 100 000,более 100 000,более 200 000,около 300,около 50 000,около 10 000,более 30 000,,около 500,более 300 000,более 2 000,около 200,около 5 000,около 500 000,около 20 000,около 1 000,более 1 000,более 1 000 000,около 1 000 000,около 3 000,более 2 000 000,около 2 000,около 5 000 000,более 3 000 000 +
     -0.9546 * VISITORS_COUNT=около 100,более 10 000,более 20 000,более 3 000,более 300,около 100 000,более 100 000,более 200 000,около 300,около 50 000,около 10 000,более 30 000,,около 500,более 300 000,более 2 000,около 200,около 5 000,около 500 000,около 20 000,около 1 000,более 1 000,более 1 000 000,около 1 000 000,около 3 000,более 2 000 000,около 2 000,около 5 000 000,более 3 000 000 +
      6.3482 * VISITORS_COUNT=более 10 000,более 20 000,более 3 000,более 300,около 100 000,более 100 000,более 200 000,около 300,около 50 000,около 10 000,более 30 000,,около 500,более 300 000,более 2 000,около 200,около 5 000,около 500 000,около 20 000,около 1 000,более 1 000,более 1 000 000,около 1 000 000,около 3 000,более 2 000 000,около 2 000,около 5 000 000,более 3 000 000 +
     -0.7865 * VISITORS_COUNT=более 20 000,более 3 000,более 300,около 100 000,более 100 000,более 200 000,около 300,около 50 000,около 10 000,более 30 000,,около 500,более 300 000,более 2 000,около 200,около 5 000,около 500 000,около 20 000,около 1 000,более 1 000,более 1 000 000,около 1 000 000,около 3 000,более 2 000 000,около 2 000,около 5 000 000,более 3 000 000 +
     -2.4104 * VISITORS_COUNT=более 3 000,более 300,около 100 000,более 100 000,более 200 000,около 300,около 50 000,около 10 000,более 30 000,,около 500,более 300 000,более 2 000,около 200,около 5 000,около 500 000,около 20 000,около 1 000,более 1 000,более 1 000 000,около 1 000 000,около 3 000,более 2 000 000,около 2 000,около 5 000 000,более 3 000 000 +
     -1.1205 * VISITORS_COUNT=более 300,около 100 000,более 100 000,более 200 000,около 300,около 50 000,около 10 000,более 30 000,,около 500,более 300 000,более 2 000,около 200,около 5 000,около 500 000,около 20 000,около 1 000,более 1 000,более 1 000 000,около 1 000 000,около 3 000,более 2 000 000,около 2 000,около 5 000 000,более 3 000 000 +
      7.3455 * VISITORS_COUNT=около 100 000,более 100 000,более 200 000,около 300,около 50 000,около 10 000,более 30 000,,около 500,более 300 000,более 2 000,около 200,около 5 000,около 500 000,около 20 000,около 1 000,более 1 000,более 1 000 000,около 1 000 000,около 3 000,более 2 000 000,около 2 000,около 5 000 000,более 3 000 000 +
     -0.985  * VISITORS_COUNT=более 100 000,более 200 000,около 300,около 50 000,около 10 000,более 30 000,,около 500,более 300 000,более 2 000,около 200,около 5 000,около 500 000,около 20 000,около 1 000,более 1 000,более 1 000 000,около 1 000 000,около 3 000,более 2 000 000,около 2 000,около 5 000 000,более 3 000 000 +
      2.2099 * VISITORS_COUNT=более 200 000,около 300,около 50 000,около 10 000,более 30 000,,около 500,более 300 000,более 2 000,около 200,около 5 000,около 500 000,около 20 000,около 1 000,более 1 000,более 1 000 000,около 1 000 000,около 3 000,более 2 000 000,около 2 000,около 5 000 000,более 3 000 000 +
     -8.3934 * VISITORS_COUNT=около 300,около 50 000,около 10 000,более 30 000,,около 500,более 300 000,более 2 000,около 200,около 5 000,около 500 000,около 20 000,около 1 000,более 1 000,более 1 000 000,около 1 000 000,около 3 000,более 2 000 000,около 2 000,около 5 000 000,более 3 000 000 +
      5.0845 * VISITORS_COUNT=около 50 000,около 10 000,более 30 000,,около 500,более 300 000,более 2 000,около 200,около 5 000,около 500 000,около 20 000,около 1 000,более 1 000,более 1 000 000,около 1 000 000,около 3 000,более 2 000 000,около 2 000,около 5 000 000,более 3 000 000 +
      0.442  * VISITORS_COUNT=около 10 000,более 30 000,,около 500,более 300 000,более 2 000,около 200,около 5 000,около 500 000,около 20 000,около 1 000,более 1 000,более 1 000 000,около 1 000 000,около 3 000,более 2 000 000,около 2 000,около 5 000 000,более 3 000 000 +
     -1.9763 * VISITORS_COUNT=более 30 000,,около 500,более 300 000,более 2 000,около 200,около 5 000,около 500 000,около 20 000,около 1 000,более 1 000,более 1 000 000,около 1 000 000,около 3 000,более 2 000 000,около 2 000,около 5 000 000,более 3 000 000 +
     -1.7127 * VISITORS_COUNT=,около 500,более 300 000,более 2 000,около 200,около 5 000,около 500 000,около 20 000,около 1 000,более 1 000,более 1 000 000,около 1 000 000,около 3 000,более 2 000 000,около 2 000,около 5 000 000,более 3 000 000 +
     -1.6668 * VISITORS_COUNT=около 500,более 300 000,более 2 000,около 200,около 5 000,около 500 000,около 20 000,около 1 000,более 1 000,более 1 000 000,около 1 000 000,около 3 000,более 2 000 000,около 2 000,около 5 000 000,более 3 000 000 +
     11.4213 * VISITORS_COUNT=более 300 000,более 2 000,около 200,около 5 000,около 500 000,около 20 000,около 1 000,более 1 000,более 1 000 000,около 1 000 000,около 3 000,более 2 000 000,около 2 000,около 5 000 000,более 3 000 000 +
     -8.8024 * VISITORS_COUNT=более 2 000,около 200,около 5 000,около 500 000,около 20 000,около 1 000,более 1 000,более 1 000 000,около 1 000 000,около 3 000,более 2 000 000,около 2 000,около 5 000 000,более 3 000 000 +
