
Linear Regression Model

PRICE =

      0.2173 * WEALTH_INDEX +
     -0.3222 * EDUCATION_INDEX +
      0.0268 * AVERAGE_SALARY +
     -2.797  * MARKET_INDEX=E,,C,B,A,AA,AAA +
      2.0552 * MARKET_INDEX=,C,B,A,AA,AAA +
      1.9253 * MARKET_INDEX=C,B,A,AA,AAA +
    -15.8432 * MARKET_INDEX=AAA +
      0      * MARKET_VOLUME +
      0.1723 * LOCAL_PERCENT +
      0.4512 * LOCAL_PRICE +
     -1.0572 * LOCAL_QUALITY +
     -8.1337 * SHOP_SIZE=500,10000,1000,3,2,5,4,1,100000 +
    -31.0259 * SHOP_SIZE=10000,1000,3,2,5,4,1,100000 +
     19.0576 * SHOP_SIZE=1000,3,2,5,4,1,100000 +
     -7.6657 * SHOP_SIZE=3,2,5,4,1,100000 +
     -7.7109 * SHOP_SIZE=2,5,4,1,100000 +
     -7.6378 * SHOP_SIZE=5,4,1,100000 +
     -7.578  * SHOP_SIZE=4,1,100000 +
     -7.4393 * SHOP_SIZE=1,100000 +
     -7.4049 * SHOP_SIZE=100000 +
      5.4532 * TOWN_DISTRICT=Окраина,Спальный район,,Центр города,Фешенебельный район +
      3.1269 * TOWN_DISTRICT=Спальный район,,Центр города,Фешенебельный район +
      1.3722 * TOWN_DISTRICT=,Центр города,Фешенебельный район +
      1.3556 * TOWN_DISTRICT=Центр города,Фешенебельный район +
     18.4677 * TOWN_DISTRICT=Фешенебельный район +
      1.9863 * DEPARTMENT_COUNT=4,3,2,6,8,7,10,1,9 +
      1.0811 * DEPARTMENT_COUNT=3,2,6,8,7,10,1,9 +
      1.5477 * DEPARTMENT_COUNT=2,6,8,7,10,1,9 +
      7.4721 * DEPARTMENT_COUNT=6,8,7,10,1,9 +
    -15.5149 * DEPARTMENT_COUNT=8,7,10,1,9 +
     17.5967 * DEPARTMENT_COUNT=7,10,1,9 +
      4.4407 * DEPARTMENT_COUNT=10,1,9 +
    -12.7204 * DEPARTMENT_COUNT=1,9 +
     -6.7971 * DEPARTMENT_COUNT=9 +
      2.3704 * BRAND +
      2.1127 * QUALITY +
     -0.0846 * NOTORIETY +
    -55.6613 * VISITORS_COUNT=менее 50,около 100,около 50,более 100,около 500,более 200,более 3 000,около 200,около 10 000,около 1 000,более 1 000,более 10 000,более 2 000,более 300,около 2 000,около 5 000,более 20 000,около 100 000,около 50 000,,более 30 000,более 100 000,около 30 000,около 300,более 200 000,около 1 000 000,более 3 000 000,более 1 000 000,около 500 000,более 300 000,более 2 000 000,около 5 000 000 +
     18.1451 * VISITORS_COUNT=около 100,около 50,более 100,около 500,более 200,более 3 000,около 200,около 10 000,около 1 000,более 1 000,более 10 000,более 2 000,более 300,около 2 000,около 5 000,более 20 000,около 100 000,около 50 000,,более 30 000,более 100 000,около 30 000,около 300,более 200 000,около 1 000 000,более 3 000 000,более 1 000 000,около 500 000,более 300 000,более 2 000 000,около 5 000 000 +
     -4.6129 * VISITORS_COUNT=около 50,более 100,около 500,более 200,более 3 000,около 200,около 10 000,около 1 000,более 1 000,более 10 000,более 2 000,более 300,около 2 000,около 5 000,более 20 000,около 100 000,около 50 000,,более 30 000,более 100 000,около 30 000,около 300,более 200 000,около 1 000 000,более 3 000 000,более 1 000 000,около 500 000,более 300 000,более 2 000 000,около 5 000 000 +
      8.251  * VISITORS_COUNT=более 100,около 500,более 200,более 3 000,около 200,около 10 000,около 1 000,более 1 000,более 10 000,более 2 000,более 300,около 2 000,около 5 000,более 20 000,около 100 000,около 50 000,,более 30 000,более 100 000,около 30 000,около 300,более 200 000,около 1 000 000,более 3 000 000,более 1 000 000,около 500 000,более 300 000,более 2 000 000,около 5 000 000 +
     12.3128 * VISITORS_COUNT=около 500,более 200,более 3 000,около 200,около 10 000,около 1 000,более 1 000,более 10 000,более 2 000,более 300,около 2 000,около 5 000,более 20 000,около 100 000,около 50 000,,более 30 000,более 100 000,около 30 000,около 300,более 200 000,около 1 000 000,более 3 000 000,более 1 000 000,около 500 000,более 300 000,более 2 000 000,около 5 000 000 +
    -11.6349 * VISITORS_COUNT=более 200,более 3 000,около 200,около 10 000,около 1 000,более 1 000,более 10 000,более 2 000,более 300,около 2 000,около 5 000,более 20 000,около 100 000,около 50 000,,более 30 000,более 100 000,около 30 000,около 300,более 200 000,около 1 000 000,более 3 000 000,более 1 000 000,около 500 000,более 300 000,более 2 000 000,около 5 000 000 +
     32.1654 * VISITORS_COUNT=более 3 000,около 200,около 10 000,около 1 000,более 1 000,более 10 000,более 2 000,более 300,около 2 000,около 5 000,более 20 000,около 100 000,около 50 000,,более 30 000,более 100 000,около 30 000,около 300,более 200 000,около 1 000 000,более 3 000 000,более 1 000 000,около 500 000,более 300 000,более 2 000 000,около 5 000 000 +
    -45.8463 * VISITORS_COUNT=около 200,около 10 000,около 1 000,более 1 000,более 10 000,более 2 000,более 300,около 2 000,около 5 000,более 20 000,около 100 000,около 50 000,,более 30 000,более 100 000,около 30 000,около 300,более 200 000,около 1 000 000,более 3 000 000,более 1 000 000,около 500 000,более 300 000,более 2 000 000,около 5 000 000 +
     62.6648 * VISITORS_COUNT=около 10 000,около 1 000,более 1 000,более 10 000,более 2 000,более 300,около 2 000,около 5 000,более 20 000,около 100 000,около 50 000,,более 30 000,более 100 000,около 30 000,около 300,более 200 000,около 1 000 000,более 3 000 000,более 1 000 000,около 500 000,более 300 000,более 2 000 000,около 5 000 000 +
    -24.7905 * VISITORS_COUNT=около 1 000,более 1 000,более 10 000,более 2 000,более 300,около 2 000,около 5 000,более 20 000,около 100 000,около 50 000,,более 30 000,более 100 000,около 30 000,около 300,более 200 000,около 1 000 000,более 3 000 000,более 1 000 000,около 500 000,более 300 000,более 2 000 000,около 5 000 000 +
      2.9805 * VISITORS_COUNT=более 1 000,более 10 000,более 2 000,более 300,около 2 000,около 5 000,более 20 000,около 100 000,около 50 000,,более 30 000,более 100 000,около 30 000,около 300,более 200 000,около 1 000 000,более 3 000 000,более 1 000 000,около 500 000,более 300 000,более 2 000 000,около 5 000 000 +
     32.6144 * VISITORS_COUNT=более 10 000,более 2 000,более 300,около 2 000,около 5 000,более 20 000,около 100 000,около 50 000,,более 30 000,более 100 000,около 30 000,около 300,более 200 000,около 1 000 000,более 3 000 000,более 1 000 000,около 500 000,более 300 000,более 2 000 000,около 5 000 000 +
    -27.4949 * VISITORS_COUNT=более 2 000,более 300,около 2 000,около 5 000,более 20 000,около 100 000,около 50 000,,более 30 000,более 100 000,около 30 000,около 300,более 200 000,около 1 000 000,более 3 000 000,более 1 000 000,около 500 000,более 300 000,более 2 000 000,около 5 000 000 +
    -25.9574 * VISITORS_COUNT=более 300,около 2 000,около 5 000,более 20 000,около 100 000,около 50 000,,более 30 000,более 100 000,около 30 000,около 300,более 200 000,около 1 000 000,более 3 000 000,более 1 000 000,около 500 000,более 300 000,более 2 000 000,около 5 000 000 +
     18.2618 * VISITORS_COUNT=около 2 000,около 5 000,более 20 000,около 100 000,около 50 000,,более 30 000,более 100 000,около 30 000,около 300,более 200 000,около 1 000 000,более 3 000 000,более 1 000 000,около 500 000,более 300 000,более 2 000 000,около 5 000 000 +
     19.2254 * VISITORS_COUNT=около 5 000,более 20 000,около 100 000,около 50 000,,более 30 000,более 100 000,около 30 000,около 300,более 200 000,около 1 000 000,более 3 000 000,более 1 000 000,около 500 000,более 300 000,более 2 000 000,около 5 000 000 +
     22.289  * VISITORS_COUNT=более 20 000,около 100 000,около 50 000,,более 30 000,более 100 000,около 30 000,около 300,более 200 000,около 1 000 000,более 3 000 000,более 1 000 000,около 500 000,более 300 000,более 2 000 000,около 5 000 000 +
     12.909  * VISITORS_COUNT=около 100 000,около 50 000,,более 30 000,более 100 000,около 30 000,около 300,более 200 000,около 1 000 000,более 3 000 000,более 1 000 000,около 500 000,более 300 000,более 2 000 000,около 5 000 000 +
     -1.6272 * VISITORS_COUNT=около 50 000,,более 30 000,более 100 000,около 30 000,около 300,более 200 000,около 1 000 000,более 3 000 000,более 1 000 000,около 500 000,более 300 000,более 2 000 000,около 5 000 000 +
