
Linear Regression Model

PRICE =

      0.1531 * WEALTH_INDEX +
     -1.1304 * EDUCATION_INDEX +
      0.0255 * AVERAGE_SALARY +
     15.7127 * MARKET_INDEX=C,B,A,AAA,AA +
      3.0041 * MARKET_INDEX=B,A,AAA,AA +
    -13.8843 * MARKET_INDEX=A,AAA,AA +
     61.4695 * MARKET_INDEX=AAA,AA +
     35.3849 * MARKET_INDEX=AA +
      0      * MARKET_VOLUME +
      0.1481 * LOCAL_PERCENT +
      0.8216 * LOCAL_PRICE +
     -1.7394 * LOCAL_QUALITY +
      2.5722 * SHOP_SIZE=10000,1000,3,2,5,4,1,100000 +
      1.6595 * SHOP_SIZE=1000,3,2,5,4,1,100000 +
     -0.4957 * SHOP_SIZE=3,2,5,4,1,100000 +
     -0.512  * SHOP_SIZE=2,5,4,1,100000 +
     -0.4826 * SHOP_SIZE=4,1,100000 +
     -0.5439 * SHOP_SIZE=1,100000 +
     -0.5565 * SHOP_SIZE=100000 +
      1.4288 * TOWN_DISTRICT=Пригород,Центр города,,Фешенебельный район +
     -6.2908 * TOWN_DISTRICT=Центр города,,Фешенебельный район +
      1.0393 * TOWN_DISTRICT=,Фешенебельный район +
      1.0239 * TOWN_DISTRICT=Фешенебельный район +
      3.0302 * DEPARTMENT_COUNT=3,4,6,7,2,5,9,8,1 +
      2.5117 * DEPARTMENT_COUNT=4,6,7,2,5,9,8,1 +
     -3.2836 * DEPARTMENT_COUNT=6,7,2,5,9,8,1 +
     -5.1467 * DEPARTMENT_COUNT=7,2,5,9,8,1 +
      9.0823 * DEPARTMENT_COUNT=2,5,9,8,1 +
     -1.6859 * DEPARTMENT_COUNT=5,9,8,1 +
     -0.9212 * DEPARTMENT_COUNT=9,8,1 +
     -4.6967 * DEPARTMENT_COUNT=8,1 +
     19.2941 * DEPARTMENT_COUNT=1 +
      2.9976 * BRAND +
      2.5443 * QUALITY +
      0.002  * NOTORIETY +
     -2.0727 * VISITORS_COUNT=около 50,около 100,около 200,более 100,около 2 000,более 200,около 5 000 000,более 300,около 500,около 10 000,более 2 000,около 1 000,более 1 000,более 10 000,более 3 000,около 300,около 5 000,около 50 000,более 30 000,около 20 000,более 20 000,,около 100 000,около 3 000,около 30 000,более 100 000,более 3 000 000,более 200 000,около 1 000 000,более 2 000 000,около 500 000,более 1 000 000,более 300 000 +
      5.1927 * VISITORS_COUNT=около 100,около 200,более 100,около 2 000,более 200,около 5 000 000,более 300,около 500,около 10 000,более 2 000,около 1 000,более 1 000,более 10 000,более 3 000,около 300,около 5 000,около 50 000,более 30 000,около 20 000,более 20 000,,около 100 000,около 3 000,около 30 000,более 100 000,более 3 000 000,более 200 000,около 1 000 000,более 2 000 000,около 500 000,более 1 000 000,более 300 000 +
     -8.2084 * VISITORS_COUNT=около 200,более 100,около 2 000,более 200,около 5 000 000,более 300,около 500,около 10 000,более 2 000,около 1 000,более 1 000,более 10 000,более 3 000,около 300,около 5 000,около 50 000,более 30 000,около 20 000,более 20 000,,около 100 000,около 3 000,около 30 000,более 100 000,более 3 000 000,более 200 000,около 1 000 000,более 2 000 000,около 500 000,более 1 000 000,более 300 000 +
      6.5549 * VISITORS_COUNT=более 100,около 2 000,более 200,около 5 000 000,более 300,около 500,около 10 000,более 2 000,около 1 000,более 1 000,более 10 000,более 3 000,около 300,около 5 000,около 50 000,более 30 000,около 20 000,более 20 000,,около 100 000,около 3 000,около 30 000,более 100 000,более 3 000 000,более 200 000,около 1 000 000,более 2 000 000,около 500 000,более 1 000 000,более 300 000 +
      2.8457 * VISITORS_COUNT=около 2 000,более 200,около 5 000 000,более 300,около 500,около 10 000,более 2 000,около 1 000,более 1 000,более 10 000,более 3 000,около 300,около 5 000,около 50 000,более 30 000,около 20 000,более 20 000,,около 100 000,около 3 000,около 30 000,более 100 000,более 3 000 000,более 200 000,около 1 000 000,более 2 000 000,около 500 000,более 1 000 000,более 300 000 +
     -3.5998 * VISITORS_COUNT=более 200,около 5 000 000,более 300,около 500,около 10 000,более 2 000,около 1 000,более 1 000,более 10 000,более 3 000,около 300,около 5 000,около 50 000,более 30 000,около 20 000,более 20 000,,около 100 000,около 3 000,около 30 000,более 100 000,более 3 000 000,более 200 000,около 1 000 000,более 2 000 000,около 500 000,более 1 000 000,более 300 000 +
      6.1917 * VISITORS_COUNT=около 5 000 000,более 300,около 500,около 10 000,более 2 000,около 1 000,более 1 000,более 10 000,более 3 000,около 300,около 5 000,около 50 000,более 30 000,около 20 000,более 20 000,,около 100 000,около 3 000,около 30 000,более 100 000,более 3 000 000,более 200 000,около 1 000 000,более 2 000 000,около 500 000,более 1 000 000,более 300 000 +
     -6.5922 * VISITORS_COUNT=более 300,около 500,около 10 000,более 2 000,около 1 000,более 1 000,более 10 000,более 3 000,около 300,около 5 000,около 50 000,более 30 000,около 20 000,более 20 000,,около 100 000,около 3 000,около 30 000,более 100 000,более 3 000 000,более 200 000,около 1 000 000,более 2 000 000,около 500 000,более 1 000 000,более 300 000 +
      4.6833 * VISITORS_COUNT=около 500,около 10 000,более 2 000,около 1 000,более 1 000,более 10 000,более 3 000,около 300,около 5 000,около 50 000,более 30 000,около 20 000,более 20 000,,около 100 000,около 3 000,около 30 000,более 100 000,более 3 000 000,более 200 000,около 1 000 000,более 2 000 000,около 500 000,более 1 000 000,более 300 000 +
      5.796  * VISITORS_COUNT=около 10 000,более 2 000,около 1 000,более 1 000,более 10 000,более 3 000,около 300,около 5 000,около 50 000,более 30 000,около 20 000,более 20 000,,около 100 000,около 3 000,около 30 000,более 100 000,более 3 000 000,более 200 000,около 1 000 000,более 2 000 000,около 500 000,более 1 000 000,более 300 000 +
     -4.445  * VISITORS_COUNT=более 2 000,около 1 000,более 1 000,более 10 000,более 3 000,около 300,около 5 000,около 50 000,более 30 000,около 20 000,более 20 000,,около 100 000,около 3 000,около 30 000,более 100 000,более 3 000 000,более 200 000,около 1 000 000,более 2 000 000,около 500 000,более 1 000 000,более 300 000 +
      5.5228 * VISITORS_COUNT=более 10 000,более 3 000,около 300,около 5 000,около 50 000,более 30 000,около 20 000,более 20 000,,около 100 000,около 3 000,около 30 000,более 100 000,более 3 000 000,более 200 000,около 1 000 000,более 2 000 000,около 500 000,более 1 000 000,более 300 000 +
     -6.5132 * VISITORS_COUNT=более 3 000,около 300,около 5 000,около 50 000,более 30 000,около 20 000,более 20 000,,около 100 000,около 3 000,около 30 000,более 100 000,более 3 000 000,более 200 000,около 1 000 000,более 2 000 000,около 500 000,более 1 000 000,более 300 000 +
      2.4192 * VISITORS_COUNT=около 300,около 5 000,около 50 000,более 30 000,около 20 000,более 20 000,,около 100 000,около 3 000,около 30 000,более 100 000,более 3 000 000,более 200 000,около 1 000 000,более 2 000 000,около 500 000,более 1 000 000,более 300 000 +
      2.2653 * VISITORS_COUNT=около 5 000,около 50 000,более 30 000,около 20 000,более 20 000,,около 100 000,около 3 000,около 30 000,более 100 000,более 3 000 000,более 200 000,около 1 000 000,более 2 000 000,около 500 000,более 1 000 000,более 300 000 +
      3.2266 * VISITORS_COUNT=около 50 000,более 30 000,около 20 000,более 20 000,,около 100 000,около 3 000,около 30 000,более 100 000,более 3 000 000,более 200 000,около 1 000 000,более 2 000 000,около 500 000,более 1 000 000,более 300 000 +
      0.7618 * VISITORS_COUNT=более 30 000,около 20 000,более 20 000,,около 100 000,около 3 000,около 30 000,более 100 000,более 3 000 000,более 200 000,около 1 000 000,более 2 000 000,около 500 000,более 1 000 000,более 300 000 +
     22.1781 * VISITORS_COUNT=около 20 000,более 20 000,,около 100 000,около 3 000,около 30 000,более 100 000,более 3 000 000,более 200 000,около 1 000 000,более 2 000 000,около 500 000,более 1 000 000,более 300 000 +
    -23.7014 * VISITORS_COUNT=более 20 000,,около 100 000,около 3 000,около 30 000,более 100 000,более 3 000 000,более 200 000,около 1 000 000,более 2 000 000,около 500 000,более 1 000 000,более 300 000 +
      1.9261 * VISITORS_COUNT=,около 100 000,около 3 000,около 30 000,более 100 000,более 3 000 000,более 200 000,около 1 000 000,более 2 000 000,около 500 000,более 1 000 000,более 300 000 +
