
Linear Regression Model

PRICE =

      0.0112 * WEALTH_INDEX +
     -0.047  * EDUCATION_INDEX +
      0.0035 * AVERAGE_SALARY +
     -1.1577 * MARKET_INDEX=,AAA,E,C,B,A,AA +
     -1.1753 * MARKET_INDEX=AAA,E,C,B,A,AA +
      3.2073 * MARKET_INDEX=E,C,B,A,AA +
     -0.5751 * MARKET_INDEX=B,A,AA +
     -1.1925 * MARKET_INDEX=A,AA +
      0      * MARKET_VOLUME +
      0.5991 * LOCAL_PRICE +
     -0.1895 * LOCAL_QUALITY +
     -3.0429 * SHOP_SIZE=500,10000,3,2,5,4,1,1000,100000 +
     -4.154  * SHOP_SIZE=10000,3,2,5,4,1,1000,100000 +
      0.3555 * SHOP_SIZE=3,2,5,4,1,1000,100000 +
      0.3494 * SHOP_SIZE=2,5,4,1,1000,100000 +
      0.3503 * SHOP_SIZE=5,4,1,1000,100000 +
      0.3567 * SHOP_SIZE=4,1,1000,100000 +
      0.3531 * SHOP_SIZE=1,1000,100000 +
      0.3533 * SHOP_SIZE=1000,100000 +
     -4.2448 * SHOP_SIZE=100000 +
      0.6541 * TOWN_DISTRICT=Пригород,,Центр города,Фешенебельный район +
     -0.4628 * TOWN_DISTRICT=,Центр города,Фешенебельный район +
     -0.4643 * TOWN_DISTRICT=Центр города,Фешенебельный район +
      4.7479 * TOWN_DISTRICT=Фешенебельный район +
     -2.7688 * DEPARTMENT_COUNT=5,1,10,6,7,8,9 +
      3.3222 * DEPARTMENT_COUNT=1,10,6,7,8,9 +
     -1.9462 * DEPARTMENT_COUNT=6,7,8,9 +
     -1.3577 * DEPARTMENT_COUNT=7,8,9 +
     -2.1469 * DEPARTMENT_COUNT=8,9 +
      5.418  * DEPARTMENT_COUNT=9 +
     -0.1987 * BRAND +
      0.2194 * QUALITY +
      0.0014 * NOTORIETY +
      2.7472 * VISITORS_COUNT=около 50,более 3 000 000,более 100,около 300,около 3 000,более 200,более 300,около 500,более 10 000,около 50 000,около 20 000,около 10 000,более 20 000,около 100,более 30 000,,около 200,около 100 000,около 1 000,более 3 000,более 1 000,более 2 000,около 5 000,более 100 000,около 2 000,около 5 000 000,более 200 000,более 300 000,около 500 000,более 2 000 000,более 1 000 000,около 1 000 000 +
     14.5665 * VISITORS_COUNT=более 3 000 000,более 100,около 300,около 3 000,более 200,более 300,около 500,более 10 000,около 50 000,около 20 000,около 10 000,более 20 000,около 100,более 30 000,,около 200,около 100 000,около 1 000,более 3 000,более 1 000,более 2 000,около 5 000,более 100 000,около 2 000,около 5 000 000,более 200 000,более 300 000,около 500 000,более 2 000 000,более 1 000 000,около 1 000 000 +
    -12.4548 * VISITORS_COUNT=более 100,около 300,около 3 000,более 200,более 300,около 500,более 10 000,около 50 000,около 20 000,около 10 000,более 20 000,около 100,более 30 000,,около 200,около 100 000,около 1 000,более 3 000,более 1 000,более 2 000,около 5 000,более 100 000,около 2 000,около 5 000 000,более 200 000,более 300 000,около 500 000,более 2 000 000,более 1 000 000,около 1 000 000 +
      0.8567 * VISITORS_COUNT=около 300,около 3 000,более 200,более 300,около 500,более 10 000,около 50 000,около 20 000,около 10 000,более 20 000,около 100,более 30 000,,около 200,около 100 000,около 1 000,более 3 000,более 1 000,более 2 000,около 5 000,более 100 000,около 2 000,около 5 000 000,более 200 000,более 300 000,около 500 000,более 2 000 000,более 1 000 000,около 1 000 000 +
      2.014  * VISITORS_COUNT=около 3 000,более 200,более 300,около 500,более 10 000,около 50 000,около 20 000,около 10 000,более 20 000,около 100,более 30 000,,около 200,около 100 000,около 1 000,более 3 000,более 1 000,более 2 000,около 5 000,более 100 000,около 2 000,около 5 000 000,более 200 000,более 300 000,около 500 000,более 2 000 000,более 1 000 000,около 1 000 000 +
     -1.7978 * VISITORS_COUNT=более 200,более 300,около 500,более 10 000,около 50 000,около 20 000,около 10 000,более 20 000,около 100,более 30 000,,около 200,около 100 000,около 1 000,более 3 000,более 1 000,более 2 000,около 5 000,более 100 000,около 2 000,около 5 000 000,более 200 000,более 300 000,около 500 000,более 2 000 000,более 1 000 000,около 1 000 000 +
      0.4328 * VISITORS_COUNT=более 300,около 500,более 10 000,около 50 000,около 20 000,около 10 000,более 20 000,около 100,более 30 000,,около 200,около 100 000,около 1 000,более 3 000,более 1 000,более 2 000,около 5 000,более 100 000,около 2 000,около 5 000 000,более 200 000,более 300 000,около 500 000,более 2 000 000,более 1 000 000,около 1 000 000 +
      1.2577 * VISITORS_COUNT=около 500,более 10 000,около 50 000,около 20 000,около 10 000,более 20 000,около 100,более 30 000,,около 200,около 100 000,около 1 000,более 3 000,более 1 000,более 2 000,около 5 000,более 100 000,около 2 000,около 5 000 000,более 200 000,более 300 000,около 500 000,более 2 000 000,более 1 000 000,около 1 000 000 +
      2.462  * VISITORS_COUNT=более 10 000,около 50 000,около 20 000,около 10 000,более 20 000,около 100,более 30 000,,около 200,около 100 000,около 1 000,более 3 000,более 1 000,более 2 000,около 5 000,более 100 000,около 2 000,около 5 000 000,более 200 000,более 300 000,около 500 000,более 2 000 000,более 1 000 000,около 1 000 000 +
      1.0282 * VISITORS_COUNT=около 50 000,около 20 000,около 10 000,более 20 000,около 100,более 30 000,,около 200,около 100 000,около 1 000,более 3 000,более 1 000,более 2 000,около 5 000,более 100 000,около 2 000,около 5 000 000,более 200 000,более 300 000,около 500 000,более 2 000 000,более 1 000 000,около 1 000 000 +
      3.283  * VISITORS_COUNT=около 20 000,около 10 000,более 20 000,около 100,более 30 000,,около 200,около 100 000,около 1 000,более 3 000,более 1 000,более 2 000,около 5 000,более 100 000,около 2 000,около 5 000 000,более 200 000,более 300 000,около 500 000,более 2 000 000,более 1 000 000,около 1 000 000 +
     -4.4699 * VISITORS_COUNT=около 10 000,более 20 000,около 100,более 30 000,,около 200,около 100 000,около 1 000,более 3 000,более 1 000,более 2 000,около 5 000,более 100 000,около 2 000,около 5 000 000,более 200 000,более 300 000,около 500 000,более 2 000 000,более 1 000 000,около 1 000 000 +
     -4.7441 * VISITORS_COUNT=около 100,более 30 000,,около 200,около 100 000,около 1 000,более 3 000,более 1 000,более 2 000,около 5 000,более 100 000,около 2 000,около 5 000 000,более 200 000,более 300 000,около 500 000,более 2 000 000,более 1 000 000,около 1 000 000 +
      5.0044 * VISITORS_COUNT=более 30 000,,около 200,около 100 000,около 1 000,более 3 000,более 1 000,более 2 000,около 5 000,более 100 000,около 2 000,около 5 000 000,более 200 000,более 300 000,около 500 000,более 2 000 000,более 1 000 000,около 1 000 000 +
     -3.1778 * VISITORS_COUNT=,около 200,около 100 000,около 1 000,более 3 000,более 1 000,более 2 000,около 5 000,более 100 000,около 2 000,около 5 000 000,более 200 000,более 300 000,около 500 000,более 2 000 000,более 1 000 000,около 1 000 000 +
     -3.1801 * VISITORS_COUNT=около 200,около 100 000,около 1 000,более 3 000,более 1 000,более 2 000,около 5 000,более 100 000,около 2 000,около 5 000 000,более 200 000,более 300 000,около 500 000,более 2 000 000,более 1 000 000,около 1 000 000 +
      8.6188 * VISITORS_COUNT=около 100 000,около 1 000,более 3 000,более 1 000,более 2 000,около 5 000,более 100 000,около 2 000,около 5 000 000,более 200 000,более 300 000,около 500 000,более 2 000 000,более 1 000 000,около 1 000 000 +
     -3.4354 * VISITORS_COUNT=около 1 000,более 3 000,более 1 000,более 2 000,около 5 000,более 100 000,около 2 000,около 5 000 000,более 200 000,более 300 000,около 500 000,более 2 000 000,более 1 000 000,около 1 000 000 +
     -0.2062 * VISITORS_COUNT=более 3 000,более 1 000,более 2 000,около 5 000,более 100 000,около 2 000,около 5 000 000,более 200 000,более 300 000,около 500 000,более 2 000 000,более 1 000 000,около 1 000 000 +
      0.2269 * VISITORS_COUNT=более 1 000,более 2 000,около 5 000,более 100 000,около 2 000,около 5 000 000,более 200 000,более 300 000,около 500 000,более 2 000 000,более 1 000 000,около 1 000 000 +
      0.7575 * VISITORS_COUNT=около 5 000,более 100 000,около 2 000,около 5 000 000,более 200 000,более 300 000,около 500 000,более 2 000 000,более 1 000 000,около 1 000 000 +
