
Linear Regression Model

PRICE =

      1.8529 * WEALTH_INDEX +
     -6.1802 * EDUCATION_INDEX +
      0.1832 * AVERAGE_SALARY +
     71.8214 * MARKET_INDEX=B,C,AA,A,AAA +
     87.496  * MARKET_INDEX=C,AA,A,AAA +
    245.7213 * MARKET_INDEX=A,AAA +
   1603.9095 * MARKET_INDEX=AAA +
      1.6648 * LOCAL_PERCENT +
      0.7671 * LOCAL_PRICE +
     -5.5871 * LOCAL_QUALITY +
   -230.1253 * SHOP_SIZE=500,10000,3,2,5,4,1,1000,100000 +
   -157.8061 * SHOP_SIZE=10000,3,2,5,4,1,1000,100000 +
     25.9056 * SHOP_SIZE=3,2,5,4,1,1000,100000 +
     25.7809 * SHOP_SIZE=2,5,4,1,1000,100000 +
     25.7636 * SHOP_SIZE=5,4,1,1000,100000 +
     25.9254 * SHOP_SIZE=4,1,1000,100000 +
     25.4196 * SHOP_SIZE=1,1000,100000 +
     25.2119 * SHOP_SIZE=1000,100000 +
   -170.3466 * SHOP_SIZE=100000 +
     21.5839 * TOWN_DISTRICT=Окраина,Пригород,,Центр города,Фешенебельный район +
     53.9811 * TOWN_DISTRICT=Пригород,,Центр города,Фешенебельный район +
    -22.154  * TOWN_DISTRICT=,Центр города,Фешенебельный район +
    -22.1396 * TOWN_DISTRICT=Центр города,Фешенебельный район +
    140.6279 * TOWN_DISTRICT=Фешенебельный район +
    -39.3554 * DEPARTMENT_COUNT=2,5,6,3,8,1,9,10,7 +
    -25.8007 * DEPARTMENT_COUNT=5,6,3,8,1,9,10,7 +
   -247.8935 * DEPARTMENT_COUNT=8,1,9,10,7 +
    385.647  * DEPARTMENT_COUNT=1,9,10,7 +
    -63.2052 * DEPARTMENT_COUNT=9,10,7 +
    141.4232 * DEPARTMENT_COUNT=10,7 +
   -148.2423 * DEPARTMENT_COUNT=7 +
     85.5874 * BRAND +
      6.6265 * QUALITY +
     -0.2209 * NOTORIETY +
    -89.2839 * VISITORS_COUNT=около 50,около 100,более 200,около 200,около 3 000,более 3 000,более 2 000,около 2 000,менее 50,около 500,около 10 000,около 5 000,более 10 000,около 30 000,более 20 000,более 300,около 1 000,более 1 000,,около 100 000,более 100 000,более 30 000,около 50 000,более 200 000,около 300,более 1 000 000,около 20 000,около 1 000 000,более 2 000 000,более 300 000,около 500 000,более 3 000 000,около 5 000 000 +
     25.5106 * VISITORS_COUNT=около 100,более 200,около 200,около 3 000,более 3 000,более 2 000,около 2 000,менее 50,около 500,около 10 000,около 5 000,более 10 000,около 30 000,более 20 000,более 300,около 1 000,более 1 000,,около 100 000,более 100 000,более 30 000,около 50 000,более 200 000,около 300,более 1 000 000,около 20 000,около 1 000 000,более 2 000 000,более 300 000,около 500 000,более 3 000 000,около 5 000 000 +
     82.9385 * VISITORS_COUNT=более 200,около 200,около 3 000,более 3 000,более 2 000,около 2 000,менее 50,около 500,около 10 000,около 5 000,более 10 000,около 30 000,более 20 000,более 300,около 1 000,более 1 000,,около 100 000,более 100 000,более 30 000,около 50 000,более 200 000,около 300,более 1 000 000,около 20 000,около 1 000 000,более 2 000 000,более 300 000,около 500 000,более 3 000 000,около 5 000 000 +
    141.6332 * VISITORS_COUNT=около 200,около 3 000,более 3 000,более 2 000,около 2 000,менее 50,около 500,около 10 000,около 5 000,более 10 000,около 30 000,более 20 000,более 300,около 1 000,более 1 000,,около 100 000,более 100 000,более 30 000,около 50 000,более 200 000,около 300,более 1 000 000,около 20 000,около 1 000 000,более 2 000 000,более 300 000,около 500 000,более 3 000 000,около 5 000 000 +
    109.5254 * VISITORS_COUNT=около 3 000,более 3 000,более 2 000,около 2 000,менее 50,около 500,около 10 000,около 5 000,более 10 000,около 30 000,более 20 000,более 300,около 1 000,более 1 000,,около 100 000,более 100 000,более 30 000,около 50 000,более 200 000,около 300,более 1 000 000,около 20 000,около 1 000 000,более 2 000 000,более 300 000,около 500 000,более 3 000 000,около 5 000 000 +
    -96.2299 * VISITORS_COUNT=более 3 000,более 2 000,около 2 000,менее 50,около 500,около 10 000,около 5 000,более 10 000,около 30 000,более 20 000,более 300,около 1 000,более 1 000,,около 100 000,более 100 000,более 30 000,около 50 000,более 200 000,около 300,более 1 000 000,около 20 000,около 1 000 000,более 2 000 000,более 300 000,около 500 000,более 3 000 000,около 5 000 000 +
   -120.2092 * VISITORS_COUNT=около 2 000,менее 50,около 500,около 10 000,около 5 000,более 10 000,около 30 000,более 20 000,более 300,около 1 000,более 1 000,,около 100 000,более 100 000,более 30 000,около 50 000,более 200 000,около 300,более 1 000 000,около 20 000,около 1 000 000,более 2 000 000,более 300 000,около 500 000,более 3 000 000,около 5 000 000 +
   -215.4403 * VISITORS_COUNT=менее 50,около 500,около 10 000,около 5 000,более 10 000,около 30 000,более 20 000,более 300,около 1 000,более 1 000,,около 100 000,более 100 000,более 30 000,около 50 000,более 200 000,около 300,более 1 000 000,около 20 000,около 1 000 000,более 2 000 000,более 300 000,около 500 000,более 3 000 000,около 5 000 000 +
    252.2005 * VISITORS_COUNT=около 500,около 10 000,около 5 000,более 10 000,около 30 000,более 20 000,более 300,около 1 000,более 1 000,,около 100 000,более 100 000,более 30 000,около 50 000,более 200 000,около 300,более 1 000 000,около 20 000,около 1 000 000,более 2 000 000,более 300 000,около 500 000,более 3 000 000,около 5 000 000 +
    190.7967 * VISITORS_COUNT=около 10 000,около 5 000,более 10 000,около 30 000,более 20 000,более 300,около 1 000,более 1 000,,около 100 000,более 100 000,более 30 000,около 50 000,более 200 000,около 300,более 1 000 000,около 20 000,около 1 000 000,более 2 000 000,более 300 000,около 500 000,более 3 000 000,около 5 000 000 +
    -67.9739 * VISITORS_COUNT=около 5 000,более 10 000,около 30 000,более 20 000,более 300,около 1 000,более 1 000,,около 100 000,более 100 000,более 30 000,около 50 000,более 200 000,около 300,более 1 000 000,около 20 000,около 1 000 000,более 2 000 000,более 300 000,около 500 000,более 3 000 000,около 5 000 000 +
    102.7984 * VISITORS_COUNT=более 10 000,около 30 000,более 20 000,более 300,около 1 000,более 1 000,,около 100 000,более 100 000,более 30 000,около 50 000,более 200 000,около 300,более 1 000 000,около 20 000,около 1 000 000,более 2 000 000,более 300 000,около 500 000,более 3 000 000,около 5 000 000 +
    264.1257 * VISITORS_COUNT=около 30 000,более 20 000,более 300,около 1 000,более 1 000,,около 100 000,более 100 000,более 30 000,около 50 000,более 200 000,около 300,более 1 000 000,около 20 000,около 1 000 000,более 2 000 000,более 300 000,около 500 000,более 3 000 000,около 5 000 000 +
   -252.6606 * VISITORS_COUNT=более 20 000,более 300,около 1 000,более 1 000,,около 100 000,более 100 000,более 30 000,около 50 000,более 200 000,около 300,более 1 000 000,около 20 000,около 1 000 000,более 2 000 000,более 300 000,около 500 000,более 3 000 000,около 5 000 000 +
   -344.736  * VISITORS_COUNT=более 300,около 1 000,более 1 000,,около 100 000,более 100 000,более 30 000,около 50 000,более 200 000,около 300,более 1 000 000,около 20 000,около 1 000 000,более 2 000 000,более 300 000,около 500 000,более 3 000 000,около 5 000 000 +
    161.4422 * VISITORS_COUNT=около 1 000,более 1 000,,около 100 000,более 100 000,более 30 000,около 50 000,более 200 000,около 300,более 1 000 000,около 20 000,около 1 000 000,более 2 000 000,более 300 000,около 500 000,более 3 000 000,около 5 000 000 +
     30.9563 * VISITORS_COUNT=более 1 000,,около 100 000,более 100 000,более 30 000,около 50 000,более 200 000,около 300,более 1 000 000,около 20 000,около 1 000 000,более 2 000 000,более 300 000,около 500 000,более 3 000 000,около 5 000 000 +
     91.7126 * VISITORS_COUNT=,около 100 000,более 100 000,более 30 000,около 50 000,более 200 000,около 300,более 1 000 000,около 20 000,около 1 000 000,более 2 000 000,более 300 000,около 500 000,более 3 000 000,около 5 000 000 +
     91.3108 * VISITORS_COUNT=около 100 000,более 100 000,более 30 000,около 50 000,более 200 000,около 300,более 1 000 000,около 20 000,около 1 000 000,более 2 000 000,более 300 000,около 500 000,более 3 000 000,около 5 000 000 +
