
Linear Regression Model

PRICE =

     -0.1809 * WEALTH_INDEX +
     -4.2108 * EDUCATION_INDEX +
      0.0796 * AVERAGE_SALARY +
     10.6441 * MARKET_INDEX=C,B,,E,AAA,A,AA +
     -5.6515 * MARKET_INDEX=B,,E,AAA,A,AA +
     -4.4313 * MARKET_INDEX=,E,AAA,A,AA +
     -4.8246 * MARKET_INDEX=E,AAA,A,AA +
     12.3356 * MARKET_INDEX=AAA,A,AA +
     19.8383 * MARKET_INDEX=A,AA +
     51.3156 * MARKET_INDEX=AA +
      0      * MARKET_VOLUME +
      0.6469 * LOCAL_PERCENT +
      0.7099 * LOCAL_PRICE +
     -1.7048 * LOCAL_QUALITY +
   -113.3642 * SHOP_SIZE=10000,500,1000,3,2,5,4,1,100000 +
    104.4039 * SHOP_SIZE=500,1000,3,2,5,4,1,100000 +
    -35.6456 * SHOP_SIZE=1000,3,2,5,4,1,100000 +
    -17.7544 * SHOP_SIZE=3,2,5,4,1,100000 +
    -18.0754 * SHOP_SIZE=2,5,4,1,100000 +
    -18.3328 * SHOP_SIZE=5,4,1,100000 +
    -18.2804 * SHOP_SIZE=4,1,100000 +
    -18.4174 * SHOP_SIZE=1,100000 +
    -18.6095 * SHOP_SIZE=100000 +
     17.0799 * TOWN_DISTRICT=Спальный район,,Центр города,Фешенебельный район +
      4.3955 * TOWN_DISTRICT=Центр города,Фешенебельный район +
     66.6277 * TOWN_DISTRICT=Фешенебельный район +
     41.0423 * DEPARTMENT_COUNT=4,2,6,7,3,9,1,8,10 +
      5.4405 * DEPARTMENT_COUNT=2,6,7,3,9,1,8,10 +
    -21.1351 * DEPARTMENT_COUNT=6,7,3,9,1,8,10 +
    -16.0612 * DEPARTMENT_COUNT=7,3,9,1,8,10 +
     44.2741 * DEPARTMENT_COUNT=3,9,1,8,10 +
      2.1946 * DEPARTMENT_COUNT=1,8,10 +
    -37.3358 * DEPARTMENT_COUNT=8,10 +
    113.2022 * DEPARTMENT_COUNT=10 +
     -0.8636 * BRAND +
      0.6586 * QUALITY +
     -0.178  * NOTORIETY +
    -35.7751 * VISITORS_COUNT=менее 50,около 500,более 100,более 3 000,около 1 000,около 2 000,около 100,более 200,около 5 000,более 1 000,более 2 000,около 200,более 300,более 20 000,около 10 000,,более 30 000,около 300,более 2 000 000,более 10 000,более 1 000 000,около 1 000 000,более 100 000,более 200 000,около 50 000,около 30 000,около 100 000,около 3 000,более 300 000,около 500 000,более 3 000 000,около 5 000 000 +
    104.2924 * VISITORS_COUNT=около 500,более 100,более 3 000,около 1 000,около 2 000,около 100,более 200,около 5 000,более 1 000,более 2 000,около 200,более 300,более 20 000,около 10 000,,более 30 000,около 300,более 2 000 000,более 10 000,более 1 000 000,около 1 000 000,более 100 000,более 200 000,около 50 000,около 30 000,около 100 000,около 3 000,более 300 000,около 500 000,более 3 000 000,около 5 000 000 +
    -52.6497 * VISITORS_COUNT=более 100,более 3 000,около 1 000,около 2 000,около 100,более 200,около 5 000,более 1 000,более 2 000,около 200,более 300,более 20 000,около 10 000,,более 30 000,около 300,более 2 000 000,более 10 000,более 1 000 000,около 1 000 000,более 100 000,более 200 000,около 50 000,около 30 000,около 100 000,около 3 000,более 300 000,около 500 000,более 3 000 000,около 5 000 000 +
    136.7224 * VISITORS_COUNT=более 3 000,около 1 000,около 2 000,около 100,более 200,около 5 000,более 1 000,более 2 000,около 200,более 300,более 20 000,около 10 000,,более 30 000,около 300,более 2 000 000,более 10 000,более 1 000 000,около 1 000 000,более 100 000,более 200 000,около 50 000,около 30 000,около 100 000,около 3 000,более 300 000,около 500 000,более 3 000 000,около 5 000 000 +
    -46.7229 * VISITORS_COUNT=около 1 000,около 2 000,около 100,более 200,около 5 000,более 1 000,более 2 000,около 200,более 300,более 20 000,около 10 000,,более 30 000,около 300,более 2 000 000,более 10 000,более 1 000 000,около 1 000 000,более 100 000,более 200 000,около 50 000,около 30 000,около 100 000,около 3 000,более 300 000,около 500 000,более 3 000 000,около 5 000 000 +
    -11.1358 * VISITORS_COUNT=около 2 000,около 100,более 200,около 5 000,более 1 000,более 2 000,около 200,более 300,более 20 000,около 10 000,,более 30 000,около 300,более 2 000 000,более 10 000,более 1 000 000,около 1 000 000,более 100 000,более 200 000,около 50 000,около 30 000,около 100 000,около 3 000,более 300 000,около 500 000,более 3 000 000,около 5 000 000 +
    -75.9561 * VISITORS_COUNT=около 100,более 200,около 5 000,более 1 000,более 2 000,около 200,более 300,более 20 000,около 10 000,,более 30 000,около 300,более 2 000 000,более 10 000,более 1 000 000,около 1 000 000,более 100 000,более 200 000,около 50 000,около 30 000,около 100 000,около 3 000,более 300 000,около 500 000,более 3 000 000,около 5 000 000 +
     28.9661 * VISITORS_COUNT=более 200,около 5 000,более 1 000,более 2 000,около 200,более 300,более 20 000,около 10 000,,более 30 000,около 300,более 2 000 000,более 10 000,более 1 000 000,около 1 000 000,более 100 000,более 200 000,около 50 000,около 30 000,около 100 000,около 3 000,более 300 000,около 500 000,более 3 000 000,около 5 000 000 +
    126.2054 * VISITORS_COUNT=около 5 000,более 1 000,более 2 000,около 200,более 300,более 20 000,около 10 000,,более 30 000,около 300,более 2 000 000,более 10 000,более 1 000 000,около 1 000 000,более 100 000,более 200 000,около 50 000,около 30 000,около 100 000,около 3 000,более 300 000,около 500 000,более 3 000 000,около 5 000 000 +
    -48.0644 * VISITORS_COUNT=более 1 000,более 2 000,около 200,более 300,более 20 000,около 10 000,,более 30 000,около 300,более 2 000 000,более 10 000,более 1 000 000,около 1 000 000,более 100 000,более 200 000,около 50 000,около 30 000,около 100 000,около 3 000,более 300 000,около 500 000,более 3 000 000,около 5 000 000 +
     15.684  * VISITORS_COUNT=более 2 000,около 200,более 300,более 20 000,около 10 000,,более 30 000,около 300,более 2 000 000,более 10 000,более 1 000 000,около 1 000 000,более 100 000,более 200 000,около 50 000,около 30 000,около 100 000,около 3 000,более 300 000,около 500 000,более 3 000 000,около 5 000 000 +
   -110.2223 * VISITORS_COUNT=около 200,более 300,более 20 000,около 10 000,,более 30 000,около 300,более 2 000 000,более 10 000,более 1 000 000,около 1 000 000,более 100 000,более 200 000,около 50 000,около 30 000,около 100 000,около 3 000,более 300 000,около 500 000,более 3 000 000,около 5 000 000 +
     33.8227 * VISITORS_COUNT=более 300,более 20 000,около 10 000,,более 30 000,около 300,более 2 000 000,более 10 000,более 1 000 000,около 1 000 000,более 100 000,более 200 000,около 50 000,около 30 000,около 100 000,около 3 000,более 300 000,около 500 000,более 3 000 000,около 5 000 000 +
    172.84   * VISITORS_COUNT=более 20 000,около 10 000,,более 30 000,около 300,более 2 000 000,более 10 000,более 1 000 000,около 1 000 000,более 100 000,более 200 000,около 50 000,около 30 000,около 100 000,около 3 000,более 300 000,около 500 000,более 3 000 000,около 5 000 000 +
    -23.8476 * VISITORS_COUNT=около 10 000,,более 30 000,около 300,более 2 000 000,более 10 000,более 1 000 000,около 1 000 000,более 100 000,более 200 000,около 50 000,около 30 000,около 100 000,около 3 000,более 300 000,около 500 000,более 3 000 000,около 5 000 000 +
     21.5037 * VISITORS_COUNT=,более 30 000,около 300,более 2 000 000,более 10 000,более 1 000 000,около 1 000 000,более 100 000,более 200 000,около 50 000,около 30 000,около 100 000,около 3 000,более 300 000,около 500 000,более 3 000 000,около 5 000 000 +
     21.6484 * VISITORS_COUNT=более 30 000,около 300,более 2 000 000,более 10 000,более 1 000 000,около 1 000 000,более 100 000,более 200 000,около 50 000,около 30 000,около 100 000,около 3 000,более 300 000,около 500 000,более 3 000 000,около 5 000 000 +
   -161.9701 * VISITORS_COUNT=около 300,более 2 000 000,более 10 000,более 1 000 000,около 1 000 000,более 100 000,более 200 000,около 50 000,около 30 000,около 100 000,около 3 000,более 300 000,около 500 000,более 3 000 000,около 5 000 000 +
    250.5114 * VISITORS_COUNT=более 2 000 000,более 10 000,более 1 000 000,около 1 000 000,более 100 000,более 200 000,около 50 000,около 30 000,около 100 000,около 3 000,более 300 000,около 500 000,более 3 000 000,около 5 000 000 +
