
Linear Regression Model

PRICE =

     -0.0092 * WEALTH_INDEX +
      0.0192 * AVERAGE_SALARY +
      6.7164 * MARKET_INDEX=,AAA,D,C,B,AA,A +
    -14.5772 * MARKET_INDEX=AAA,D,C,B,AA,A +
      5.5414 * MARKET_INDEX=D,C,B,AA,A +
     -2.3017 * MARKET_INDEX=B,AA,A +
     11.4135 * MARKET_INDEX=AA,A +
     11.199  * MARKET_INDEX=A +
      0      * MARKET_VOLUME +
     -0.0282 * LOCAL_PERCENT +
      0.569  * LOCAL_PRICE +
      0.6245 * LOCAL_QUALITY +
    -11.3999 * SHOP_SIZE=500,1000,10000,3,2,5,4,1,100000 +
     -9.3452 * SHOP_SIZE=1000,10000,3,2,5,4,1,100000 +
     -8.7228 * SHOP_SIZE=10000,3,2,5,4,1,100000 +
     -1.1239 * SHOP_SIZE=3,2,5,4,1,100000 +
     -1.352  * SHOP_SIZE=2,5,4,1,100000 +
     -1.3644 * SHOP_SIZE=5,4,1,100000 +
     -1.3352 * SHOP_SIZE=4,1,100000 +
     -1.2807 * SHOP_SIZE=1,100000 +
     -1.3294 * SHOP_SIZE=100000 +
     -1.1244 * TOWN_DISTRICT=Спальный район,Пригород,,Центр города,Фешенебельный район +
      6.6817 * TOWN_DISTRICT=Пригород,,Центр города,Фешенебельный район +
     -2.9721 * TOWN_DISTRICT=,Центр города,Фешенебельный район +
     -2.9795 * TOWN_DISTRICT=Центр города,Фешенебельный район +
     16.8433 * TOWN_DISTRICT=Фешенебельный район +
      6.0516 * DEPARTMENT_COUNT=3,2,5,6,1,7,10,8,9 +
      2.6055 * DEPARTMENT_COUNT=2,5,6,1,7,10,8,9 +
     -1.1585 * DEPARTMENT_COUNT=5,6,1,7,10,8,9 +
     -6.8004 * DEPARTMENT_COUNT=6,1,7,10,8,9 +
      8.9544 * DEPARTMENT_COUNT=1,7,10,8,9 +
     -6.166  * DEPARTMENT_COUNT=7,10,8,9 +
     12.3504 * DEPARTMENT_COUNT=10,8,9 +
    -10.4287 * DEPARTMENT_COUNT=8,9 +
     12.2624 * DEPARTMENT_COUNT=9 +
      2.057  * BRAND +
      0.7205 * QUALITY +
     -0.0613 * NOTORIETY +
    -73.1527 * VISITORS_COUNT=менее 50,более 3 000 000,около 50,более 100,около 2 000,более 200,около 300,около 500,более 300,около 200,более 3 000,около 10 000,около 100,около 1 000,более 2 000,более 10 000,около 5 000,около 3 000,более 1 000,около 50 000,,более 20 000,более 30 000,около 100 000,около 30 000,около 5 000 000,более 100 000,более 2 000 000,около 1 000 000,более 200 000,более 1 000 000,более 300 000,около 500 000 +
     87.0199 * VISITORS_COUNT=более 3 000 000,около 50,более 100,около 2 000,более 200,около 300,около 500,более 300,около 200,более 3 000,около 10 000,около 100,около 1 000,более 2 000,более 10 000,около 5 000,около 3 000,более 1 000,около 50 000,,более 20 000,более 30 000,около 100 000,около 30 000,около 5 000 000,более 100 000,более 2 000 000,около 1 000 000,более 200 000,более 1 000 000,более 300 000,около 500 000 +
    -75.2276 * VISITORS_COUNT=около 50,более 100,около 2 000,более 200,около 300,около 500,более 300,около 200,более 3 000,около 10 000,около 100,около 1 000,более 2 000,более 10 000,около 5 000,около 3 000,более 1 000,около 50 000,,более 20 000,более 30 000,около 100 000,около 30 000,около 5 000 000,более 100 000,более 2 000 000,около 1 000 000,более 200 000,более 1 000 000,более 300 000,около 500 000 +
     10.6211 * VISITORS_COUNT=более 100,около 2 000,более 200,около 300,около 500,более 300,около 200,более 3 000,около 10 000,около 100,около 1 000,более 2 000,более 10 000,около 5 000,около 3 000,более 1 000,около 50 000,,более 20 000,более 30 000,около 100 000,около 30 000,около 5 000 000,более 100 000,более 2 000 000,около 1 000 000,более 200 000,более 1 000 000,более 300 000,около 500 000 +
     18.452  * VISITORS_COUNT=около 2 000,более 200,около 300,около 500,более 300,около 200,более 3 000,около 10 000,около 100,около 1 000,более 2 000,более 10 000,около 5 000,около 3 000,более 1 000,около 50 000,,более 20 000,более 30 000,около 100 000,около 30 000,около 5 000 000,более 100 000,более 2 000 000,около 1 000 000,более 200 000,более 1 000 000,более 300 000,около 500 000 +
    -12.2172 * VISITORS_COUNT=более 200,около 300,около 500,более 300,около 200,более 3 000,около 10 000,около 100,около 1 000,более 2 000,более 10 000,около 5 000,около 3 000,более 1 000,около 50 000,,более 20 000,более 30 000,около 100 000,около 30 000,около 5 000 000,более 100 000,более 2 000 000,около 1 000 000,более 200 000,более 1 000 000,более 300 000,около 500 000 +
      7.2218 * VISITORS_COUNT=около 300,около 500,более 300,около 200,более 3 000,около 10 000,около 100,около 1 000,более 2 000,более 10 000,около 5 000,около 3 000,более 1 000,около 50 000,,более 20 000,более 30 000,около 100 000,около 30 000,около 5 000 000,более 100 000,более 2 000 000,около 1 000 000,более 200 000,более 1 000 000,более 300 000,около 500 000 +
     -3.9944 * VISITORS_COUNT=более 300,около 200,более 3 000,около 10 000,около 100,около 1 000,более 2 000,более 10 000,около 5 000,около 3 000,более 1 000,около 50 000,,более 20 000,более 30 000,около 100 000,около 30 000,около 5 000 000,более 100 000,более 2 000 000,около 1 000 000,более 200 000,более 1 000 000,более 300 000,около 500 000 +
     -6.7365 * VISITORS_COUNT=около 200,более 3 000,около 10 000,около 100,около 1 000,более 2 000,более 10 000,около 5 000,около 3 000,более 1 000,около 50 000,,более 20 000,более 30 000,около 100 000,около 30 000,около 5 000 000,более 100 000,более 2 000 000,около 1 000 000,более 200 000,более 1 000 000,более 300 000,около 500 000 +
     30.1103 * VISITORS_COUNT=более 3 000,около 10 000,около 100,около 1 000,более 2 000,более 10 000,около 5 000,около 3 000,более 1 000,около 50 000,,более 20 000,более 30 000,около 100 000,около 30 000,около 5 000 000,более 100 000,более 2 000 000,около 1 000 000,более 200 000,более 1 000 000,более 300 000,около 500 000 +
      3.7963 * VISITORS_COUNT=около 10 000,около 100,около 1 000,более 2 000,более 10 000,около 5 000,около 3 000,более 1 000,около 50 000,,более 20 000,более 30 000,около 100 000,около 30 000,около 5 000 000,более 100 000,более 2 000 000,около 1 000 000,более 200 000,более 1 000 000,более 300 000,около 500 000 +
    -35.9421 * VISITORS_COUNT=около 100,около 1 000,более 2 000,более 10 000,около 5 000,около 3 000,более 1 000,около 50 000,,более 20 000,более 30 000,около 100 000,около 30 000,около 5 000 000,более 100 000,более 2 000 000,около 1 000 000,более 200 000,более 1 000 000,более 300 000,около 500 000 +
     21.1256 * VISITORS_COUNT=около 1 000,более 2 000,более 10 000,около 5 000,около 3 000,более 1 000,около 50 000,,более 20 000,более 30 000,около 100 000,около 30 000,около 5 000 000,более 100 000,более 2 000 000,около 1 000 000,более 200 000,более 1 000 000,более 300 000,около 500 000 +
      7.9745 * VISITORS_COUNT=более 2 000,более 10 000,около 5 000,около 3 000,более 1 000,около 50 000,,более 20 000,более 30 000,около 100 000,около 30 000,около 5 000 000,более 100 000,более 2 000 000,около 1 000 000,более 200 000,более 1 000 000,более 300 000,около 500 000 +
     14.4503 * VISITORS_COUNT=более 10 000,около 5 000,около 3 000,более 1 000,около 50 000,,более 20 000,более 30 000,около 100 000,около 30 000,около 5 000 000,более 100 000,более 2 000 000,около 1 000 000,более 200 000,более 1 000 000,более 300 000,около 500 000 +
     -8.0964 * VISITORS_COUNT=около 5 000,около 3 000,более 1 000,около 50 000,,более 20 000,более 30 000,около 100 000,около 30 000,около 5 000 000,более 100 000,более 2 000 000,около 1 000 000,более 200 000,более 1 000 000,более 300 000,около 500 000 +
      6.8063 * VISITORS_COUNT=около 3 000,более 1 000,около 50 000,,более 20 000,более 30 000,около 100 000,около 30 000,около 5 000 000,более 100 000,более 2 000 000,около 1 000 000,более 200 000,более 1 000 000,более 300 000,около 500 000 +
    -16.2298 * VISITORS_COUNT=более 1 000,около 50 000,,более 20 000,более 30 000,около 100 000,около 30 000,около 5 000 000,более 100 000,более 2 000 000,около 1 000 000,более 200 000,более 1 000 000,более 300 000,около 500 000 +
     26.4382 * VISITORS_COUNT=около 50 000,,более 20 000,более 30 000,около 100 000,около 30 000,около 5 000 000,более 100 000,более 2 000 000,около 1 000 000,более 200 000,более 1 000 000,более 300 000,около 500 000 +
