
Linear Regression Model

PRICE =

     -1.7897 * WEALTH_INDEX +
    -49.8626 * EDUCATION_INDEX +
      0.2065 * AVERAGE_SALARY +
    839.4063 * MARKET_INDEX=,C,AAA,D,B,A,AA +
    847.8805 * MARKET_INDEX=C,AAA,D,B,A,AA +
  -2026.1823 * MARKET_INDEX=AAA,D,B,A,AA +
   1415.8676 * MARKET_INDEX=D,B,A,AA +
   1062.0607 * MARKET_INDEX=B,A,AA +
  -2592.9288 * MARKET_INDEX=A,AA +
   -764.0448 * MARKET_INDEX=AA +
     -0.0002 * MARKET_VOLUME +
     27.6712 * LOCAL_PERCENT +
      1.902  * LOCAL_PRICE +
   -439.3828 * LOCAL_QUALITY +
    586.4778 * SHOP_SIZE=10000,3,2,5,4,1,100000,1000 +
    230.4897 * SHOP_SIZE=3,2,5,4,1,100000,1000 +
    229.8961 * SHOP_SIZE=2,5,4,1,100000,1000 +
    230.5504 * SHOP_SIZE=5,4,1,100000,1000 +
    229.8009 * SHOP_SIZE=4,1,100000,1000 +
    229.7658 * SHOP_SIZE=1,100000,1000 +
    228.995  * SHOP_SIZE=100000,1000 +
  -1144.4548 * SHOP_SIZE=1000 +
    177.5708 * TOWN_DISTRICT=Центр города,,Спальный район,Пригород,Фешенебельный район +
   -134.3977 * TOWN_DISTRICT=,Спальный район,Пригород,Фешенебельный район +
   -134.7611 * TOWN_DISTRICT=Спальный район,Пригород,Фешенебельный район +
    128.7084 * TOWN_DISTRICT=Пригород,Фешенебельный район +
   -491.7226 * TOWN_DISTRICT=Фешенебельный район +
   1392.1959 * DEPARTMENT_COUNT=10,5,9,8,6,2,3,4,1 +
   -377.6481 * DEPARTMENT_COUNT=8,6,2,3,4,1 +
    375.3954 * DEPARTMENT_COUNT=6,2,3,4,1 +
    490.7853 * DEPARTMENT_COUNT=2,3,4,1 +
   -157.495  * DEPARTMENT_COUNT=3,4,1 +
    718.9959 * DEPARTMENT_COUNT=4,1 +
   -693.4888 * DEPARTMENT_COUNT=1 +
    -66.1424 * BRAND +
     87.5615 * QUALITY +
      6.943  * NOTORIETY +
    330.3561 * VISITORS_COUNT=менее 50,около 100,около 2 000,около 3 000,около 30 000,около 5 000,более 100,около 200,около 300,более 3 000,более 200,более 300,более 10 000,около 10 000,более 20 000,около 500,более 30 000,,около 50 000,более 1 000,более 100 000,более 2 000,около 100 000,около 500 000,более 300 000,около 1 000,более 200 000,около 5 000 000,около 1 000 000,более 1 000 000,более 2 000 000,более 3 000 000 +
  -1663.9202 * VISITORS_COUNT=около 2 000,около 3 000,около 30 000,около 5 000,более 100,около 200,около 300,более 3 000,более 200,более 300,более 10 000,около 10 000,более 20 000,около 500,более 30 000,,около 50 000,более 1 000,более 100 000,более 2 000,около 100 000,около 500 000,более 300 000,около 1 000,более 200 000,около 5 000 000,около 1 000 000,более 1 000 000,более 2 000 000,более 3 000 000 +
  -1515.0521 * VISITORS_COUNT=около 3 000,около 30 000,около 5 000,более 100,около 200,около 300,более 3 000,более 200,более 300,более 10 000,около 10 000,более 20 000,около 500,более 30 000,,около 50 000,более 1 000,более 100 000,более 2 000,около 100 000,около 500 000,более 300 000,около 1 000,более 200 000,около 5 000 000,около 1 000 000,более 1 000 000,более 2 000 000,более 3 000 000 +
  -1331.0674 * VISITORS_COUNT=около 30 000,около 5 000,более 100,около 200,около 300,более 3 000,более 200,более 300,более 10 000,около 10 000,более 20 000,около 500,более 30 000,,около 50 000,более 1 000,более 100 000,более 2 000,около 100 000,около 500 000,более 300 000,около 1 000,более 200 000,около 5 000 000,около 1 000 000,более 1 000 000,более 2 000 000,более 3 000 000 +
   2060.6083 * VISITORS_COUNT=около 5 000,более 100,около 200,около 300,более 3 000,более 200,более 300,более 10 000,около 10 000,более 20 000,около 500,более 30 000,,около 50 000,более 1 000,более 100 000,более 2 000,около 100 000,около 500 000,более 300 000,около 1 000,более 200 000,около 5 000 000,около 1 000 000,более 1 000 000,более 2 000 000,более 3 000 000 +
   1858.1905 * VISITORS_COUNT=более 100,около 200,около 300,более 3 000,более 200,более 300,более 10 000,около 10 000,более 20 000,около 500,более 30 000,,около 50 000,более 1 000,более 100 000,более 2 000,около 100 000,около 500 000,более 300 000,около 1 000,более 200 000,около 5 000 000,около 1 000 000,более 1 000 000,более 2 000 000,более 3 000 000 +
   -287.0611 * VISITORS_COUNT=около 200,около 300,более 3 000,более 200,более 300,более 10 000,около 10 000,более 20 000,около 500,более 30 000,,около 50 000,более 1 000,более 100 000,более 2 000,около 100 000,около 500 000,более 300 000,около 1 000,более 200 000,около 5 000 000,около 1 000 000,более 1 000 000,более 2 000 000,более 3 000 000 +
     57.8318 * VISITORS_COUNT=около 300,более 3 000,более 200,более 300,более 10 000,около 10 000,более 20 000,около 500,более 30 000,,около 50 000,более 1 000,более 100 000,более 2 000,около 100 000,около 500 000,более 300 000,около 1 000,более 200 000,около 5 000 000,около 1 000 000,более 1 000 000,более 2 000 000,более 3 000 000 +
  -1571.5732 * VISITORS_COUNT=более 3 000,более 200,более 300,более 10 000,около 10 000,более 20 000,около 500,более 30 000,,около 50 000,более 1 000,более 100 000,более 2 000,около 100 000,около 500 000,более 300 000,около 1 000,более 200 000,около 5 000 000,около 1 000 000,более 1 000 000,более 2 000 000,более 3 000 000 +
    813.2654 * VISITORS_COUNT=более 200,более 300,более 10 000,около 10 000,более 20 000,около 500,более 30 000,,около 50 000,более 1 000,более 100 000,более 2 000,около 100 000,около 500 000,более 300 000,около 1 000,более 200 000,около 5 000 000,около 1 000 000,более 1 000 000,более 2 000 000,более 3 000 000 +
   -201.6509 * VISITORS_COUNT=более 300,более 10 000,около 10 000,более 20 000,около 500,более 30 000,,около 50 000,более 1 000,более 100 000,более 2 000,около 100 000,около 500 000,более 300 000,около 1 000,более 200 000,около 5 000 000,около 1 000 000,более 1 000 000,более 2 000 000,более 3 000 000 +
  -1062.0146 * VISITORS_COUNT=более 10 000,около 10 000,более 20 000,около 500,более 30 000,,около 50 000,более 1 000,более 100 000,более 2 000,около 100 000,около 500 000,более 300 000,около 1 000,более 200 000,около 5 000 000,около 1 000 000,более 1 000 000,более 2 000 000,более 3 000 000 +
    545.2552 * VISITORS_COUNT=около 10 000,более 20 000,около 500,более 30 000,,около 50 000,более 1 000,более 100 000,более 2 000,около 100 000,около 500 000,более 300 000,около 1 000,более 200 000,около 5 000 000,около 1 000 000,более 1 000 000,более 2 000 000,более 3 000 000 +
   -478.1861 * VISITORS_COUNT=более 20 000,около 500,более 30 000,,около 50 000,более 1 000,более 100 000,более 2 000,около 100 000,около 500 000,более 300 000,около 1 000,более 200 000,около 5 000 000,около 1 000 000,более 1 000 000,более 2 000 000,более 3 000 000 +
   1176.2467 * VISITORS_COUNT=около 500,более 30 000,,около 50 000,более 1 000,более 100 000,более 2 000,около 100 000,около 500 000,более 300 000,около 1 000,более 200 000,около 5 000 000,около 1 000 000,более 1 000 000,более 2 000 000,более 3 000 000 +
   -872.0642 * VISITORS_COUNT=более 30 000,,около 50 000,более 1 000,более 100 000,более 2 000,около 100 000,около 500 000,более 300 000,около 1 000,более 200 000,около 5 000 000,около 1 000 000,более 1 000 000,более 2 000 000,более 3 000 000 +
   1098.3649 * VISITORS_COUNT=более 1 000,более 100 000,более 2 000,около 100 000,около 500 000,более 300 000,около 1 000,более 200 000,около 5 000 000,около 1 000 000,более 1 000 000,более 2 000 000,более 3 000 000 +
  -2095.8241 * VISITORS_COUNT=более 100 000,более 2 000,около 100 000,около 500 000,более 300 000,около 1 000,более 200 000,около 5 000 000,около 1 000 000,более 1 000 000,более 2 000 000,более 3 000 000 +
   1801.8686 * VISITORS_COUNT=более 2 000,около 100 000,около 500 000,более 300 000,около 1 000,более 200 000,около 5 000 000,около 1 000 000,более 1 000 000,более 2 000 000,более 3 000 000 +
  -1276.9473 * VISITORS_COUNT=около 100 000,около 500 000,более 300 000,около 1 000,более 200 000,около 5 000 000,около 1 000 000,более 1 000 000,более 2 000 000,более 3 000 000 +
   -575.0281 * VISITORS_COUNT=около 500 000,более 300 000,около 1 000,более 200 000,около 5 000 000,около 1 000 000,более 1 000 000,более 2 000 000,более 3 000 000 +
