
Linear Regression Model

PRICE =

     21.3247 * WEALTH_INDEX +
    -18.9211 * EDUCATION_INDEX +
      0.1697 * AVERAGE_SALARY +
    410.4021 * MARKET_INDEX=,AA,D,B,A,C +
    410.9998 * MARKET_INDEX=AA,D,B,A,C +
   -474.6194 * MARKET_INDEX=D,B,A,C +
  -1883.0375 * MARKET_INDEX=B,A,C +
   2566.6568 * MARKET_INDEX=A,C +
   -989.3136 * MARKET_INDEX=C +
     -0.0003 * MARKET_VOLUME +
     17.3239 * LOCAL_PERCENT +
      0.7911 * LOCAL_PRICE +
    -88.6486 * LOCAL_QUALITY +
   -701.1266 * SHOP_SIZE=500,10000,3,2,5,4,1,1000,100000 +
   -463.1941 * SHOP_SIZE=10000,3,2,5,4,1,1000,100000 +
     26.6142 * SHOP_SIZE=3,2,5,4,1,1000,100000 +
     26.487  * SHOP_SIZE=2,5,4,1,1000,100000 +
     26.1998 * SHOP_SIZE=1,1000,100000 +
     26.433  * SHOP_SIZE=1000,100000 +
    222.4643 * SHOP_SIZE=100000 +
    702.9327 * TOWN_DISTRICT=Спальный район,Пригород,,Центр города,Фешенебельный район +
   -428.9084 * TOWN_DISTRICT=Пригород,,Центр города,Фешенебельный район +
    319.5814 * TOWN_DISTRICT=,Центр города,Фешенебельный район +
    319.7692 * TOWN_DISTRICT=Центр города,Фешенебельный район +
     81.0256 * TOWN_DISTRICT=Фешенебельный район +
     85.1833 * DEPARTMENT_COUNT=8,3,4,2,6,9,7,1,10 +
     80.158  * DEPARTMENT_COUNT=3,4,2,6,9,7,1,10 +
    539.0916 * DEPARTMENT_COUNT=4,2,6,9,7,1,10 +
   -248.9099 * DEPARTMENT_COUNT=2,6,9,7,1,10 +
    127.5997 * DEPARTMENT_COUNT=6,9,7,1,10 +
   -274.6996 * DEPARTMENT_COUNT=9,7,1,10 +
    106.1877 * DEPARTMENT_COUNT=7,1,10 +
    162.2544 * DEPARTMENT_COUNT=1,10 +
    723.5138 * DEPARTMENT_COUNT=10 +
    161.6917 * BRAND +
     28.0476 * QUALITY +
      2.3572 * NOTORIETY +
    531.0331 * VISITORS_COUNT=около 50,более 100,около 100,около 30 000,около 300,более 200,более 3 000,около 3 000,более 300,более 20 000,около 2 000,около 5 000,около 500,около 200,около 10 000,более 2 000,более 10 000,около 1 000,более 30 000,,более 100 000,около 100 000,около 50 000,более 1 000,более 200 000,около 1 000 000,более 1 000 000,более 2 000 000,более 3 000 000,около 500 000,более 300 000,около 5 000 000 +
    144.2354 * VISITORS_COUNT=более 100,около 100,около 30 000,около 300,более 200,более 3 000,около 3 000,более 300,более 20 000,около 2 000,около 5 000,около 500,около 200,около 10 000,более 2 000,более 10 000,около 1 000,более 30 000,,более 100 000,около 100 000,около 50 000,более 1 000,более 200 000,около 1 000 000,более 1 000 000,более 2 000 000,более 3 000 000,около 500 000,более 300 000,около 5 000 000 +
   -141.4562 * VISITORS_COUNT=около 30 000,около 300,более 200,более 3 000,около 3 000,более 300,более 20 000,около 2 000,около 5 000,около 500,около 200,около 10 000,более 2 000,более 10 000,около 1 000,более 30 000,,более 100 000,около 100 000,около 50 000,более 1 000,более 200 000,около 1 000 000,более 1 000 000,более 2 000 000,более 3 000 000,около 500 000,более 300 000,около 5 000 000 +
    552.0973 * VISITORS_COUNT=около 300,более 200,более 3 000,около 3 000,более 300,более 20 000,около 2 000,около 5 000,около 500,около 200,около 10 000,более 2 000,более 10 000,около 1 000,более 30 000,,более 100 000,около 100 000,около 50 000,более 1 000,более 200 000,около 1 000 000,более 1 000 000,более 2 000 000,более 3 000 000,около 500 000,более 300 000,около 5 000 000 +
    -94.5556 * VISITORS_COUNT=более 200,более 3 000,около 3 000,более 300,более 20 000,около 2 000,около 5 000,около 500,около 200,около 10 000,более 2 000,более 10 000,около 1 000,более 30 000,,более 100 000,около 100 000,около 50 000,более 1 000,более 200 000,около 1 000 000,более 1 000 000,более 2 000 000,более 3 000 000,около 500 000,более 300 000,около 5 000 000 +
    248.731  * VISITORS_COUNT=более 3 000,около 3 000,более 300,более 20 000,около 2 000,около 5 000,около 500,около 200,около 10 000,более 2 000,более 10 000,около 1 000,более 30 000,,более 100 000,около 100 000,около 50 000,более 1 000,более 200 000,около 1 000 000,более 1 000 000,более 2 000 000,более 3 000 000,около 500 000,более 300 000,около 5 000 000 +
    419.8844 * VISITORS_COUNT=около 3 000,более 300,более 20 000,около 2 000,около 5 000,около 500,около 200,около 10 000,более 2 000,более 10 000,около 1 000,более 30 000,,более 100 000,около 100 000,около 50 000,более 1 000,более 200 000,около 1 000 000,более 1 000 000,более 2 000 000,более 3 000 000,около 500 000,более 300 000,около 5 000 000 +
   -454.1979 * VISITORS_COUNT=более 300,более 20 000,около 2 000,около 5 000,около 500,около 200,около 10 000,более 2 000,более 10 000,около 1 000,более 30 000,,более 100 000,около 100 000,около 50 000,более 1 000,более 200 000,около 1 000 000,более 1 000 000,более 2 000 000,более 3 000 000,около 500 000,более 300 000,около 5 000 000 +
   -202.1642 * VISITORS_COUNT=более 20 000,около 2 000,около 5 000,около 500,около 200,около 10 000,более 2 000,более 10 000,около 1 000,более 30 000,,более 100 000,около 100 000,около 50 000,более 1 000,более 200 000,около 1 000 000,более 1 000 000,более 2 000 000,более 3 000 000,около 500 000,более 300 000,около 5 000 000 +
    373.7811 * VISITORS_COUNT=около 2 000,около 5 000,около 500,около 200,около 10 000,более 2 000,более 10 000,около 1 000,более 30 000,,более 100 000,около 100 000,около 50 000,более 1 000,более 200 000,около 1 000 000,более 1 000 000,более 2 000 000,более 3 000 000,около 500 000,более 300 000,около 5 000 000 +
   -189.5021 * VISITORS_COUNT=около 5 000,около 500,около 200,около 10 000,более 2 000,более 10 000,около 1 000,более 30 000,,более 100 000,около 100 000,около 50 000,более 1 000,более 200 000,около 1 000 000,более 1 000 000,более 2 000 000,более 3 000 000,около 500 000,более 300 000,около 5 000 000 +
    121.4866 * VISITORS_COUNT=около 500,около 200,около 10 000,более 2 000,более 10 000,около 1 000,более 30 000,,более 100 000,около 100 000,около 50 000,более 1 000,более 200 000,около 1 000 000,более 1 000 000,более 2 000 000,более 3 000 000,около 500 000,более 300 000,около 5 000 000 +
   -579.573  * VISITORS_COUNT=около 200,около 10 000,более 2 000,более 10 000,около 1 000,более 30 000,,более 100 000,около 100 000,около 50 000,более 1 000,более 200 000,около 1 000 000,более 1 000 000,более 2 000 000,более 3 000 000,около 500 000,более 300 000,около 5 000 000 +
    634.7403 * VISITORS_COUNT=около 10 000,более 2 000,более 10 000,около 1 000,более 30 000,,более 100 000,около 100 000,около 50 000,более 1 000,более 200 000,около 1 000 000,более 1 000 000,более 2 000 000,более 3 000 000,около 500 000,более 300 000,около 5 000 000 +
    -71.1029 * VISITORS_COUNT=более 2 000,более 10 000,около 1 000,более 30 000,,более 100 000,около 100 000,около 50 000,более 1 000,более 200 000,около 1 000 000,более 1 000 000,более 2 000 000,более 3 000 000,около 500 000,более 300 000,около 5 000 000 +
    -26.8207 * VISITORS_COUNT=около 1 000,более 30 000,,более 100 000,около 100 000,около 50 000,более 1 000,более 200 000,около 1 000 000,более 1 000 000,более 2 000 000,более 3 000 000,около 500 000,более 300 000,около 5 000 000 +
    163.003  * VISITORS_COUNT=более 30 000,,более 100 000,около 100 000,около 50 000,более 1 000,более 200 000,около 1 000 000,более 1 000 000,более 2 000 000,более 3 000 000,около 500 000,более 300 000,около 5 000 000 +
   -108.3207 * VISITORS_COUNT=,более 100 000,около 100 000,около 50 000,более 1 000,более 200 000,около 1 000 000,более 1 000 000,более 2 000 000,более 3 000 000,около 500 000,более 300 000,около 5 000 000 +
   -108.2162 * VISITORS_COUNT=более 100 000,около 100 000,около 50 000,более 1 000,более 200 000,около 1 000 000,более 1 000 000,более 2 000 000,более 3 000 000,около 500 000,более 300 000,около 5 000 000 +
    278.8487 * VISITORS_COUNT=около 100 000,около 50 000,более 1 000,более 200 000,около 1 000 000,более 1 000 000,более 2 000 000,более 3 000 000,около 500 000,более 300 000,около 5 000 000 +
