
Linear Regression Model

PRICE =

     17.146  * WEALTH_INDEX +
      0.4497 * AVERAGE_SALARY +
   -253.0731 * MARKET_INDEX=D,,E,B,A,AA +
    -54.5363 * MARKET_INDEX=,E,B,A,AA +
    -53.6348 * MARKET_INDEX=E,B,A,AA +
    862.8164 * MARKET_INDEX=B,A,AA +
   -330.214  * MARKET_INDEX=A,AA +
     -0.0001 * MARKET_VOLUME +
      9.7716 * LOCAL_PERCENT +
      0.7358 * LOCAL_PRICE +
    -44.8175 * LOCAL_QUALITY +
   -153.6588 * SHOP_SIZE=500,10000,3,2,5,4,1,1000,100000 +
   -141.3668 * SHOP_SIZE=10000,3,2,5,4,1,1000,100000 +
     66.8101 * SHOP_SIZE=3,2,5,4,1,1000,100000 +
     67.5648 * SHOP_SIZE=2,5,4,1,1000,100000 +
     66.6547 * SHOP_SIZE=5,4,1,1000,100000 +
     66.7595 * SHOP_SIZE=4,1,1000,100000 +
     66.6869 * SHOP_SIZE=1,1000,100000 +
     67.0082 * SHOP_SIZE=1000,100000 +
   -612.6008 * SHOP_SIZE=100000 +
    222.7404 * TOWN_DISTRICT=Центр города,,Фешенебельный район +
     67.6085 * TOWN_DISTRICT=,Фешенебельный район +
     67.7031 * TOWN_DISTRICT=Фешенебельный район +
    308.9643 * DEPARTMENT_COUNT=3,5,4,8,2,9,1,10 +
   -285.3501 * DEPARTMENT_COUNT=8,2,9,1,10 +
    449.1296 * DEPARTMENT_COUNT=2,9,1,10 +
    297.8691 * DEPARTMENT_COUNT=9,1,10 +
   -409.5027 * DEPARTMENT_COUNT=1,10 +
   1032.6412 * DEPARTMENT_COUNT=10 +
    -77.0749 * BRAND +
      4.2493 * QUALITY +
      0.8646 * NOTORIETY +
    260.3715 * VISITORS_COUNT=около 200,около 30 000,около 100,более 100,менее 50,около 300,более 200,более 300,более 2 000,более 3 000,около 500,около 10 000,около 5 000,более 20 000,более 30 000,более 1 000,,около 1 000,около 100 000,около 50 000,более 10 000,более 100 000,более 2 000 000,более 200 000,более 300 000,около 500 000,более 1 000 000,более 3 000 000,около 1 000 000,около 5 000 000 +
   -781.0798 * VISITORS_COUNT=около 30 000,около 100,более 100,менее 50,около 300,более 200,более 300,более 2 000,более 3 000,около 500,около 10 000,около 5 000,более 20 000,более 30 000,более 1 000,,около 1 000,около 100 000,около 50 000,более 10 000,более 100 000,более 2 000 000,более 200 000,более 300 000,около 500 000,более 1 000 000,более 3 000 000,около 1 000 000,около 5 000 000 +
    679.2075 * VISITORS_COUNT=около 100,более 100,менее 50,около 300,более 200,более 300,более 2 000,более 3 000,около 500,около 10 000,около 5 000,более 20 000,более 30 000,более 1 000,,около 1 000,около 100 000,около 50 000,более 10 000,более 100 000,более 2 000 000,более 200 000,более 300 000,около 500 000,более 1 000 000,более 3 000 000,около 1 000 000,около 5 000 000 +
   -157.1568 * VISITORS_COUNT=менее 50,около 300,более 200,более 300,более 2 000,более 3 000,около 500,около 10 000,около 5 000,более 20 000,более 30 000,более 1 000,,около 1 000,около 100 000,около 50 000,более 10 000,более 100 000,более 2 000 000,более 200 000,более 300 000,около 500 000,более 1 000 000,более 3 000 000,около 1 000 000,около 5 000 000 +
    146.6457 * VISITORS_COUNT=около 300,более 200,более 300,более 2 000,более 3 000,около 500,около 10 000,около 5 000,более 20 000,более 30 000,более 1 000,,около 1 000,около 100 000,около 50 000,более 10 000,более 100 000,более 2 000 000,более 200 000,более 300 000,около 500 000,более 1 000 000,более 3 000 000,около 1 000 000,около 5 000 000 +
    112.1242 * VISITORS_COUNT=более 200,более 300,более 2 000,более 3 000,около 500,около 10 000,около 5 000,более 20 000,более 30 000,более 1 000,,около 1 000,около 100 000,около 50 000,более 10 000,более 100 000,более 2 000 000,более 200 000,более 300 000,около 500 000,более 1 000 000,более 3 000 000,около 1 000 000,около 5 000 000 +
   -139.2613 * VISITORS_COUNT=более 300,более 2 000,более 3 000,около 500,около 10 000,около 5 000,более 20 000,более 30 000,более 1 000,,около 1 000,около 100 000,около 50 000,более 10 000,более 100 000,более 2 000 000,более 200 000,более 300 000,около 500 000,более 1 000 000,более 3 000 000,около 1 000 000,около 5 000 000 +
    310.1631 * VISITORS_COUNT=более 2 000,более 3 000,около 500,около 10 000,около 5 000,более 20 000,более 30 000,более 1 000,,около 1 000,около 100 000,около 50 000,более 10 000,более 100 000,более 2 000 000,более 200 000,более 300 000,около 500 000,более 1 000 000,более 3 000 000,около 1 000 000,около 5 000 000 +
    104.0006 * VISITORS_COUNT=более 3 000,около 500,около 10 000,около 5 000,более 20 000,более 30 000,более 1 000,,около 1 000,около 100 000,около 50 000,более 10 000,более 100 000,более 2 000 000,более 200 000,более 300 000,около 500 000,более 1 000 000,более 3 000 000,около 1 000 000,около 5 000 000 +
   -229.6557 * VISITORS_COUNT=около 500,около 10 000,около 5 000,более 20 000,более 30 000,более 1 000,,около 1 000,около 100 000,около 50 000,более 10 000,более 100 000,более 2 000 000,более 200 000,более 300 000,около 500 000,более 1 000 000,более 3 000 000,около 1 000 000,около 5 000 000 +
    540.4243 * VISITORS_COUNT=около 10 000,около 5 000,более 20 000,более 30 000,более 1 000,,около 1 000,около 100 000,около 50 000,более 10 000,более 100 000,более 2 000 000,более 200 000,более 300 000,около 500 000,более 1 000 000,более 3 000 000,около 1 000 000,около 5 000 000 +
   -258.6218 * VISITORS_COUNT=около 5 000,более 20 000,более 30 000,более 1 000,,около 1 000,около 100 000,около 50 000,более 10 000,более 100 000,более 2 000 000,более 200 000,более 300 000,около 500 000,более 1 000 000,более 3 000 000,около 1 000 000,около 5 000 000 +
    306.0303 * VISITORS_COUNT=более 20 000,более 30 000,более 1 000,,около 1 000,около 100 000,около 50 000,более 10 000,более 100 000,более 2 000 000,более 200 000,более 300 000,около 500 000,более 1 000 000,более 3 000 000,около 1 000 000,около 5 000 000 +
    156.2379 * VISITORS_COUNT=более 30 000,более 1 000,,около 1 000,около 100 000,около 50 000,более 10 000,более 100 000,более 2 000 000,более 200 000,более 300 000,около 500 000,более 1 000 000,более 3 000 000,около 1 000 000,около 5 000 000 +
   -462.2567 * VISITORS_COUNT=более 1 000,,около 1 000,около 100 000,около 50 000,более 10 000,более 100 000,более 2 000 000,более 200 000,более 300 000,около 500 000,более 1 000 000,более 3 000 000,около 1 000 000,около 5 000 000 +
    465.3381 * VISITORS_COUNT=около 100 000,около 50 000,более 10 000,более 100 000,более 2 000 000,более 200 000,более 300 000,около 500 000,более 1 000 000,более 3 000 000,около 1 000 000,около 5 000 000 +
     99.6941 * VISITORS_COUNT=около 50 000,более 10 000,более 100 000,более 2 000 000,более 200 000,более 300 000,около 500 000,более 1 000 000,более 3 000 000,около 1 000 000,около 5 000 000 +
   -191.9582 * VISITORS_COUNT=более 10 000,более 100 000,более 2 000 000,более 200 000,более 300 000,около 500 000,более 1 000 000,более 3 000 000,около 1 000 000,около 5 000 000 +
     63.27   * VISITORS_COUNT=более 100 000,более 2 000 000,более 200 000,более 300 000,около 500 000,более 1 000 000,более 3 000 000,около 1 000 000,около 5 000 000 +
    595.8351 * VISITORS_COUNT=более 2 000 000,более 200 000,более 300 000,около 500 000,более 1 000 000,более 3 000 000,около 1 000 000,около 5 000 000 +
   -597.1778 * VISITORS_COUNT=более 200 000,более 300 000,около 500 000,более 1 000 000,более 3 000 000,около 1 000 000,около 5 000 000 +
    178.1279 * VISITORS_COUNT=более 300 000,около 500 000,более 1 000 000,более 3 000 000,около 1 000 000,около 5 000 000 +
    252.9913 * VISITORS_COUNT=около 500 000,более 1 000 000,более 3 000 000,около 1 000 000,около 5 000 000 +
    231.4326 * VISITORS_COUNT=более 1 000 000,более 3 000 000,около 1 000 000,около 5 000 000 +
    274.7151 * VISITORS_COUNT=более 3 000 000,около 1 000 000,около 5 000 000 +
   -132.5499 * VISITORS_COUNT=около 1 000 000,около 5 000 000 +
    499.6921 * VISITORS_COUNT=около 5 000 000 +
    232.3879 * SERVICE_LEVEL=Очень высокий,Очень низкий,Элитный,Нормальный,Высокий +
    -25.0418 * SERVICE_LEVEL=Очень низкий,Элитный,Нормальный,Высокий +
    250.1941 * SERVICE_LEVEL=Элитный,Нормальный,Высокий +
   -289.5519 * SERVICE_LEVEL=Нормальный,Высокий +
