
Linear Regression Model

PRICE =

     -1.1677 * WEALTH_INDEX +
    -12.4349 * EDUCATION_INDEX +
      0.2078 * AVERAGE_SALARY +
    -36.6391 * MARKET_INDEX=D,E,AAA,A,AA +
    -51.5003 * MARKET_INDEX=E,AAA,A,AA +
     33.7208 * MARKET_INDEX=AAA,A,AA +
     47.0333 * MARKET_INDEX=A,AA +
     92.6759 * MARKET_INDEX=AA +
      0      * MARKET_VOLUME +
      2.4105 * LOCAL_PERCENT +
      0.8366 * LOCAL_PRICE +
     -9.0611 * LOCAL_QUALITY +
    -95.1121 * SHOP_SIZE=500,10000,1000,3,2,5,4,1,100000 +
   -181.9524 * SHOP_SIZE=10000,1000,3,2,5,4,1,100000 +
    153.2244 * SHOP_SIZE=1000,3,2,5,4,1,100000 +
    -33.9693 * SHOP_SIZE=3,2,5,4,1,100000 +
    -33.5963 * SHOP_SIZE=2,5,4,1,100000 +
    -33.7614 * SHOP_SIZE=5,4,1,100000 +
    -33.457  * SHOP_SIZE=4,1,100000 +
    -33.1815 * SHOP_SIZE=1,100000 +
    -33.3125 * SHOP_SIZE=100000 +
    -10.0923 * TOWN_DISTRICT=Пригород,Спальный район,,Фешенебельный район,Центр города +
     46.8274 * TOWN_DISTRICT=,Фешенебельный район,Центр города +
     46.7985 * TOWN_DISTRICT=Фешенебельный район,Центр города +
    -93.8859 * TOWN_DISTRICT=Центр города +
     30.7181 * DEPARTMENT_COUNT=4,6,3,5,7,1,9,8,10 +
    -41.0844 * DEPARTMENT_COUNT=6,3,5,7,1,9,8,10 +
     41.2012 * DEPARTMENT_COUNT=3,5,7,1,9,8,10 +
     14.5196 * DEPARTMENT_COUNT=5,7,1,9,8,10 +
   -149.7685 * DEPARTMENT_COUNT=7,1,9,8,10 +
    134.1843 * DEPARTMENT_COUNT=1,9,8,10 +
     29.6645 * DEPARTMENT_COUNT=9,8,10 +
   -123.0321 * DEPARTMENT_COUNT=8,10 +
    363.605  * DEPARTMENT_COUNT=10 +
     21.2792 * BRAND +
      7.9411 * QUALITY +
     -0.3272 * NOTORIETY +
     51.1346 * VISITORS_COUNT=около 300,более 300,около 50,более 100,около 500,более 30 000,около 5 000,около 10 000,около 200,около 1 000,более 20 000,более 200,более 3 000,около 100,более 1 000,около 100 000,более 10 000,более 2 000 000,более 2 000,,более 100 000,около 50 000,около 30 000,около 2 000,более 200 000,около 1 000 000,более 1 000 000,около 3 000,более 3 000 000,более 300 000,около 500 000,около 5 000 000 +
    101.5478 * VISITORS_COUNT=более 300,около 50,более 100,около 500,более 30 000,около 5 000,около 10 000,около 200,около 1 000,более 20 000,более 200,более 3 000,около 100,более 1 000,около 100 000,более 10 000,более 2 000 000,более 2 000,,более 100 000,около 50 000,около 30 000,около 2 000,более 200 000,около 1 000 000,более 1 000 000,около 3 000,более 3 000 000,более 300 000,около 500 000,около 5 000 000 +
    -70.4864 * VISITORS_COUNT=около 50,более 100,около 500,более 30 000,около 5 000,около 10 000,около 200,около 1 000,более 20 000,более 200,более 3 000,около 100,более 1 000,около 100 000,более 10 000,более 2 000 000,более 2 000,,более 100 000,около 50 000,около 30 000,около 2 000,более 200 000,около 1 000 000,более 1 000 000,около 3 000,более 3 000 000,более 300 000,около 500 000,около 5 000 000 +
     58.7635 * VISITORS_COUNT=более 100,около 500,более 30 000,около 5 000,около 10 000,около 200,около 1 000,более 20 000,более 200,более 3 000,около 100,более 1 000,около 100 000,более 10 000,более 2 000 000,более 2 000,,более 100 000,около 50 000,около 30 000,около 2 000,более 200 000,около 1 000 000,более 1 000 000,около 3 000,более 3 000 000,более 300 000,около 500 000,около 5 000 000 +
     48.7135 * VISITORS_COUNT=около 500,более 30 000,около 5 000,около 10 000,около 200,около 1 000,более 20 000,более 200,более 3 000,около 100,более 1 000,около 100 000,более 10 000,более 2 000 000,более 2 000,,более 100 000,около 50 000,около 30 000,около 2 000,более 200 000,около 1 000 000,более 1 000 000,около 3 000,более 3 000 000,более 300 000,около 500 000,около 5 000 000 +
    356.4727 * VISITORS_COUNT=более 30 000,около 5 000,около 10 000,около 200,около 1 000,более 20 000,более 200,более 3 000,около 100,более 1 000,около 100 000,более 10 000,более 2 000 000,более 2 000,,более 100 000,около 50 000,около 30 000,около 2 000,более 200 000,около 1 000 000,более 1 000 000,около 3 000,более 3 000 000,более 300 000,около 500 000,около 5 000 000 +
   -136.1938 * VISITORS_COUNT=около 5 000,около 10 000,около 200,около 1 000,более 20 000,более 200,более 3 000,около 100,более 1 000,около 100 000,более 10 000,более 2 000 000,более 2 000,,более 100 000,около 50 000,около 30 000,около 2 000,более 200 000,около 1 000 000,более 1 000 000,около 3 000,более 3 000 000,более 300 000,около 500 000,около 5 000 000 +
     62.3566 * VISITORS_COUNT=около 10 000,около 200,около 1 000,более 20 000,более 200,более 3 000,около 100,более 1 000,около 100 000,более 10 000,более 2 000 000,более 2 000,,более 100 000,около 50 000,около 30 000,около 2 000,более 200 000,около 1 000 000,более 1 000 000,около 3 000,более 3 000 000,более 300 000,около 500 000,около 5 000 000 +
   -296.697  * VISITORS_COUNT=около 200,около 1 000,более 20 000,более 200,более 3 000,около 100,более 1 000,около 100 000,более 10 000,более 2 000 000,более 2 000,,более 100 000,около 50 000,около 30 000,около 2 000,более 200 000,около 1 000 000,более 1 000 000,около 3 000,более 3 000 000,более 300 000,около 500 000,около 5 000 000 +
     93.9865 * VISITORS_COUNT=около 1 000,более 20 000,более 200,более 3 000,около 100,более 1 000,около 100 000,более 10 000,более 2 000 000,более 2 000,,более 100 000,около 50 000,около 30 000,около 2 000,более 200 000,около 1 000 000,более 1 000 000,около 3 000,более 3 000 000,более 300 000,около 500 000,около 5 000 000 +
    258.3655 * VISITORS_COUNT=более 20 000,более 200,более 3 000,около 100,более 1 000,около 100 000,более 10 000,более 2 000 000,более 2 000,,более 100 000,около 50 000,около 30 000,около 2 000,более 200 000,около 1 000 000,более 1 000 000,около 3 000,более 3 000 000,более 300 000,около 500 000,около 5 000 000 +
   -337.2579 * VISITORS_COUNT=более 200,более 3 000,около 100,более 1 000,около 100 000,более 10 000,более 2 000 000,более 2 000,,более 100 000,около 50 000,около 30 000,около 2 000,более 200 000,около 1 000 000,более 1 000 000,около 3 000,более 3 000 000,более 300 000,около 500 000,около 5 000 000 +
    183.6147 * VISITORS_COUNT=более 3 000,около 100,более 1 000,около 100 000,более 10 000,более 2 000 000,более 2 000,,более 100 000,около 50 000,около 30 000,около 2 000,более 200 000,около 1 000 000,более 1 000 000,около 3 000,более 3 000 000,более 300 000,около 500 000,около 5 000 000 +
   -249.236  * VISITORS_COUNT=около 100,более 1 000,около 100 000,более 10 000,более 2 000 000,более 2 000,,более 100 000,около 50 000,около 30 000,около 2 000,более 200 000,около 1 000 000,более 1 000 000,около 3 000,более 3 000 000,более 300 000,около 500 000,около 5 000 000 +
    200.759  * VISITORS_COUNT=более 1 000,около 100 000,более 10 000,более 2 000 000,более 2 000,,более 100 000,около 50 000,около 30 000,около 2 000,более 200 000,около 1 000 000,более 1 000 000,около 3 000,более 3 000 000,более 300 000,около 500 000,около 5 000 000 +
    270.7669 * VISITORS_COUNT=около 100 000,более 10 000,более 2 000 000,более 2 000,,более 100 000,около 50 000,около 30 000,около 2 000,более 200 000,около 1 000 000,более 1 000 000,около 3 000,более 3 000 000,более 300 000,около 500 000,около 5 000 000 +
    -70.5987 * VISITORS_COUNT=более 10 000,более 2 000 000,более 2 000,,более 100 000,около 50 000,около 30 000,около 2 000,более 200 000,около 1 000 000,более 1 000 000,около 3 000,более 3 000 000,более 300 000,около 500 000,около 5 000 000 +
    299.7799 * VISITORS_COUNT=более 2 000 000,более 2 000,,более 100 000,около 50 000,около 30 000,около 2 000,более 200 000,около 1 000 000,более 1 000 000,около 3 000,более 3 000 000,более 300 000,около 500 000,около 5 000 000 +
   -454.2897 * VISITORS_COUNT=более 2 000,,более 100 000,около 50 000,около 30 000,около 2 000,более 200 000,около 1 000 000,более 1 000 000,около 3 000,более 3 000 000,более 300 000,около 500 000,около 5 000 000 +
