
Linear Regression Model

PRICE =

  -3484.5104 * WEALTH_INDEX +
 -65960.0581 * EDUCATION_INDEX +
     27.4887 * AVERAGE_SALARY +
-523388.3283 * MARKET_INDEX=E,,D,A,C,AA,AAA +
 709777.4554 * MARKET_INDEX=,D,A,C,AA,AAA +
 709593.0567 * MARKET_INDEX=D,A,C,AA,AAA +
 828239.6472 * MARKET_INDEX=A,C,AA,AAA +
 -87942.8771 * MARKET_INDEX=C,AA,AAA +
-1783770.8849 * MARKET_INDEX=AAA +
    -88.917  * MARKET_VOLUME +
  15778.4718 * LOCAL_PERCENT +
      1.1536 * LOCAL_PRICE +
 -15642.3795 * LOCAL_QUALITY +
 820613.8726 * SHOP_SIZE=100,1000,3,2,5,4,1,100000,10000 +
-1156058.6493 * SHOP_SIZE=1000,3,2,5,4,1,100000,10000 +
-226054.9712 * SHOP_SIZE=3,2,5,4,1,100000,10000 +
-228588.326  * SHOP_SIZE=2,5,4,1,100000,10000 +
-226247.2462 * SHOP_SIZE=5,4,1,100000,10000 +
-227282.4446 * SHOP_SIZE=4,1,100000,10000 +
-225966.4369 * SHOP_SIZE=1,100000,10000 +
-224328.052  * SHOP_SIZE=100000,10000 +
 508081.4545 * SHOP_SIZE=10000 +
 490621.6814 * TOWN_DISTRICT=Центр города,Спальный район,,Фешенебельный район +
  44635.9705 * TOWN_DISTRICT=Спальный район,,Фешенебельный район +
 415702.2347 * TOWN_DISTRICT=,Фешенебельный район +
 415672.7173 * TOWN_DISTRICT=Фешенебельный район +
-245478.8403 * DEPARTMENT_COUNT=8,1,10,6,5,2,7,4,3 +
 761721.2368 * DEPARTMENT_COUNT=1,10,6,5,2,7,4,3 +
 -49135.1347 * DEPARTMENT_COUNT=10,6,5,2,7,4,3 +
 -35107.2373 * DEPARTMENT_COUNT=6,5,2,7,4,3 +
 153693.7645 * DEPARTMENT_COUNT=5,2,7,4,3 +
 369673.7287 * DEPARTMENT_COUNT=2,7,4,3 +
-546979.7176 * DEPARTMENT_COUNT=7,4,3 +
 684386.945  * DEPARTMENT_COUNT=4,3 +
 215334.7595 * DEPARTMENT_COUNT=3 +
  62713.0373 * BRAND +
 -30091.3947 * QUALITY +
  -1138.311  * NOTORIETY +
-2150429.5626 * VISITORS_COUNT=менее 50,около 300 000,около 300,более 300,более 2 000 000,более 200,более 3 000 000,около 50,более 1 000 000,более 100,около 500,около 500 000,более 1 000,около 5 000 000,более 300 000,около 1 000,более 2 000,около 10 000,около 5 000,около 1 000 000,около 100,,более 20 000,более 3 000,около 50 000,более 200 000,около 3 000,более 30 000,около 200,около 100 000,более 10 000,более 100 000 +
3826092.446  * VISITORS_COUNT=около 300 000,около 300,более 300,более 2 000 000,более 200,более 3 000 000,около 50,более 1 000 000,более 100,около 500,около 500 000,более 1 000,около 5 000 000,более 300 000,около 1 000,более 2 000,около 10 000,около 5 000,около 1 000 000,около 100,,более 20 000,более 3 000,около 50 000,более 200 000,около 3 000,более 30 000,около 200,около 100 000,более 10 000,более 100 000 +
-1939648.7186 * VISITORS_COUNT=около 300,более 300,более 2 000 000,более 200,более 3 000 000,около 50,более 1 000 000,более 100,около 500,около 500 000,более 1 000,около 5 000 000,более 300 000,около 1 000,более 2 000,около 10 000,около 5 000,около 1 000 000,около 100,,более 20 000,более 3 000,около 50 000,более 200 000,около 3 000,более 30 000,около 200,около 100 000,более 10 000,более 100 000 +
-391636.7657 * VISITORS_COUNT=более 300,более 2 000 000,более 200,более 3 000 000,около 50,более 1 000 000,более 100,около 500,около 500 000,более 1 000,около 5 000 000,более 300 000,около 1 000,более 2 000,около 10 000,около 5 000,около 1 000 000,около 100,,более 20 000,более 3 000,около 50 000,более 200 000,около 3 000,более 30 000,около 200,около 100 000,более 10 000,более 100 000 +
4214916.9861 * VISITORS_COUNT=более 2 000 000,более 200,более 3 000 000,около 50,более 1 000 000,более 100,около 500,около 500 000,более 1 000,около 5 000 000,более 300 000,около 1 000,более 2 000,около 10 000,около 5 000,около 1 000 000,около 100,,более 20 000,более 3 000,около 50 000,более 200 000,около 3 000,более 30 000,около 200,около 100 000,более 10 000,более 100 000 +
-4143182.4007 * VISITORS_COUNT=более 200,более 3 000 000,около 50,более 1 000 000,более 100,около 500,около 500 000,более 1 000,около 5 000 000,более 300 000,около 1 000,более 2 000,около 10 000,около 5 000,около 1 000 000,около 100,,более 20 000,более 3 000,около 50 000,более 200 000,около 3 000,более 30 000,около 200,около 100 000,более 10 000,более 100 000 +
4478448.5413 * VISITORS_COUNT=более 3 000 000,около 50,более 1 000 000,более 100,около 500,около 500 000,более 1 000,около 5 000 000,более 300 000,около 1 000,более 2 000,около 10 000,около 5 000,около 1 000 000,около 100,,более 20 000,более 3 000,около 50 000,более 200 000,около 3 000,более 30 000,около 200,около 100 000,более 10 000,более 100 000 +
-5014860.103 * VISITORS_COUNT=около 50,более 1 000 000,более 100,около 500,около 500 000,более 1 000,около 5 000 000,более 300 000,около 1 000,более 2 000,около 10 000,около 5 000,около 1 000 000,около 100,,более 20 000,более 3 000,около 50 000,более 200 000,около 3 000,более 30 000,около 200,около 100 000,более 10 000,более 100 000 +
4553810.2935 * VISITORS_COUNT=более 1 000 000,более 100,около 500,около 500 000,более 1 000,около 5 000 000,более 300 000,около 1 000,более 2 000,около 10 000,около 5 000,около 1 000 000,около 100,,более 20 000,более 3 000,около 50 000,более 200 000,около 3 000,более 30 000,около 200,около 100 000,более 10 000,более 100 000 +
-4034089.5716 * VISITORS_COUNT=более 100,около 500,около 500 000,более 1 000,около 5 000 000,более 300 000,около 1 000,более 2 000,около 10 000,около 5 000,около 1 000 000,около 100,,более 20 000,более 3 000,около 50 000,более 200 000,около 3 000,более 30 000,около 200,около 100 000,более 10 000,более 100 000 +
 504670.9545 * VISITORS_COUNT=около 500,около 500 000,более 1 000,около 5 000 000,более 300 000,около 1 000,более 2 000,около 10 000,около 5 000,около 1 000 000,около 100,,более 20 000,более 3 000,около 50 000,более 200 000,около 3 000,более 30 000,около 200,около 100 000,более 10 000,более 100 000 +
2677599.779  * VISITORS_COUNT=около 500 000,более 1 000,около 5 000 000,более 300 000,около 1 000,более 2 000,около 10 000,около 5 000,около 1 000 000,около 100,,более 20 000,более 3 000,около 50 000,более 200 000,около 3 000,более 30 000,около 200,около 100 000,более 10 000,более 100 000 +
-2083747.6975 * VISITORS_COUNT=более 1 000,около 5 000 000,более 300 000,около 1 000,более 2 000,около 10 000,около 5 000,около 1 000 000,около 100,,более 20 000,более 3 000,около 50 000,более 200 000,около 3 000,более 30 000,около 200,около 100 000,более 10 000,более 100 000 +
3883560.5662 * VISITORS_COUNT=около 5 000 000,более 300 000,около 1 000,более 2 000,около 10 000,около 5 000,около 1 000 000,около 100,,более 20 000,более 3 000,около 50 000,более 200 000,около 3 000,более 30 000,около 200,около 100 000,более 10 000,более 100 000 +
-1853547.7062 * VISITORS_COUNT=более 300 000,около 1 000,более 2 000,около 10 000,около 5 000,около 1 000 000,около 100,,более 20 000,более 3 000,около 50 000,более 200 000,около 3 000,более 30 000,около 200,около 100 000,более 10 000,более 100 000 +
-2129633.5705 * VISITORS_COUNT=около 1 000,более 2 000,около 10 000,около 5 000,около 1 000 000,около 100,,более 20 000,более 3 000,около 50 000,более 200 000,около 3 000,более 30 000,около 200,около 100 000,более 10 000,более 100 000 +
 357893.7934 * VISITORS_COUNT=более 2 000,около 10 000,около 5 000,около 1 000 000,около 100,,более 20 000,более 3 000,около 50 000,более 200 000,около 3 000,более 30 000,около 200,около 100 000,более 10 000,более 100 000 +
 678386.6689 * VISITORS_COUNT=около 10 000,около 5 000,около 1 000 000,около 100,,более 20 000,более 3 000,около 50 000,более 200 000,около 3 000,более 30 000,около 200,около 100 000,более 10 000,более 100 000 +
-351580.7492 * VISITORS_COUNT=около 5 000,около 1 000 000,около 100,,более 20 000,более 3 000,около 50 000,более 200 000,около 3 000,более 30 000,около 200,около 100 000,более 10 000,более 100 000 +
2131481.5145 * VISITORS_COUNT=около 1 000 000,около 100,,более 20 000,более 3 000,около 50 000,более 200 000,около 3 000,более 30 000,около 200,около 100 000,более 10 000,более 100 000 +
