
Linear Regression Model

PRICE =

      3.0954 * WEALTH_INDEX +
     -6.3007 * EDUCATION_INDEX +
      0.4186 * AVERAGE_SALARY +
    231.0579 * MARKET_INDEX=C,D,,B,A,AA,AAA +
   -135.061  * MARKET_INDEX=D,,B,A,AA,AAA +
     95.0673 * MARKET_INDEX=,B,A,AA,AAA +
     95.2086 * MARKET_INDEX=B,A,AA,AAA +
    206.4792 * MARKET_INDEX=A,AA,AAA +
   -338.4402 * MARKET_INDEX=AA,AAA +
    439.6987 * MARKET_INDEX=AAA +
     -0.0001 * MARKET_VOLUME +
      7.2527 * LOCAL_PERCENT +
      0.8202 * LOCAL_PRICE +
   -125.8048 * LOCAL_QUALITY +
    439.3567 * SHOP_SIZE=500,10000,1000,3,2,5,4,1,100000 +
    243.2905 * SHOP_SIZE=10000,1000,3,2,5,4,1,100000 +
     76.0301 * SHOP_SIZE=1000,3,2,5,4,1,100000 +
     95.4509 * SHOP_SIZE=3,2,5,4,1,100000 +
     95.4752 * SHOP_SIZE=2,5,4,1,100000 +
     95.5386 * SHOP_SIZE=5,4,1,100000 +
     95.0769 * SHOP_SIZE=4,1,100000 +
     95.0936 * SHOP_SIZE=1,100000 +
     95.1347 * SHOP_SIZE=100000 +
    428.8494 * TOWN_DISTRICT=Окраина,Спальный район,,Центр города,Фешенебельный район +
    -32.1848 * TOWN_DISTRICT=Спальный район,,Центр города,Фешенебельный район +
     18.8738 * TOWN_DISTRICT=,Центр города,Фешенебельный район +
     18.9327 * TOWN_DISTRICT=Центр города,Фешенебельный район +
   -342.4328 * TOWN_DISTRICT=Фешенебельный район +
    402.2833 * DEPARTMENT_COUNT=5,8,4,3,2,9,1,10 +
   -581.8899 * DEPARTMENT_COUNT=8,4,3,2,9,1,10 +
    516.2913 * DEPARTMENT_COUNT=4,3,2,9,1,10 +
    -36.6298 * DEPARTMENT_COUNT=3,2,9,1,10 +
    -27.8721 * DEPARTMENT_COUNT=2,9,1,10 +
    -65.1006 * DEPARTMENT_COUNT=9,1,10 +
    452.1456 * DEPARTMENT_COUNT=1,10 +
    829.3144 * DEPARTMENT_COUNT=10 +
     75.5594 * BRAND +
     50.7473 * QUALITY +
      1.1634 * NOTORIETY +
   2200.0379 * VISITORS_COUNT=около 50,около 100,более 300,около 2 000,около 300,около 200,более 200,менее 50,более 100,около 10 000,около 5 000,около 500,более 10 000,более 20 000,около 1 000,более 2 000,около 3 000,более 30 000,более 3 000,более 1 000,около 50 000,около 300 000,,более 100 000,около 100 000,более 200 000,около 1 000 000,более 300 000,около 500 000,более 1 000 000,более 2 000 000,около 5 000 000,более 3 000 000 +
   -503.7218 * VISITORS_COUNT=более 300,около 2 000,около 300,около 200,более 200,менее 50,более 100,около 10 000,около 5 000,около 500,более 10 000,более 20 000,около 1 000,более 2 000,около 3 000,более 30 000,более 3 000,более 1 000,около 50 000,около 300 000,,более 100 000,около 100 000,более 200 000,около 1 000 000,более 300 000,около 500 000,более 1 000 000,более 2 000 000,около 5 000 000,более 3 000 000 +
   -487.5351 * VISITORS_COUNT=около 2 000,около 300,около 200,более 200,менее 50,более 100,около 10 000,около 5 000,около 500,более 10 000,более 20 000,около 1 000,более 2 000,около 3 000,более 30 000,более 3 000,более 1 000,около 50 000,около 300 000,,более 100 000,около 100 000,более 200 000,около 1 000 000,более 300 000,около 500 000,более 1 000 000,более 2 000 000,около 5 000 000,более 3 000 000 +
    617.2439 * VISITORS_COUNT=около 300,около 200,более 200,менее 50,более 100,около 10 000,около 5 000,около 500,более 10 000,более 20 000,около 1 000,более 2 000,около 3 000,более 30 000,более 3 000,более 1 000,около 50 000,около 300 000,,более 100 000,около 100 000,более 200 000,около 1 000 000,более 300 000,около 500 000,более 1 000 000,более 2 000 000,около 5 000 000,более 3 000 000 +
   -396.0587 * VISITORS_COUNT=около 200,более 200,менее 50,более 100,около 10 000,около 5 000,около 500,более 10 000,более 20 000,около 1 000,более 2 000,около 3 000,более 30 000,более 3 000,более 1 000,около 50 000,около 300 000,,более 100 000,около 100 000,более 200 000,около 1 000 000,более 300 000,около 500 000,более 1 000 000,более 2 000 000,около 5 000 000,более 3 000 000 +
    340.3861 * VISITORS_COUNT=более 200,менее 50,более 100,около 10 000,около 5 000,около 500,более 10 000,более 20 000,около 1 000,более 2 000,около 3 000,более 30 000,более 3 000,более 1 000,около 50 000,около 300 000,,более 100 000,около 100 000,более 200 000,около 1 000 000,более 300 000,около 500 000,более 1 000 000,более 2 000 000,около 5 000 000,более 3 000 000 +
    998.4841 * VISITORS_COUNT=менее 50,более 100,около 10 000,около 5 000,около 500,более 10 000,более 20 000,около 1 000,более 2 000,около 3 000,более 30 000,более 3 000,более 1 000,около 50 000,около 300 000,,более 100 000,около 100 000,более 200 000,около 1 000 000,более 300 000,около 500 000,более 1 000 000,более 2 000 000,около 5 000 000,более 3 000 000 +
   -717.4818 * VISITORS_COUNT=более 100,около 10 000,около 5 000,около 500,более 10 000,более 20 000,около 1 000,более 2 000,около 3 000,более 30 000,более 3 000,более 1 000,около 50 000,около 300 000,,более 100 000,около 100 000,более 200 000,около 1 000 000,более 300 000,около 500 000,более 1 000 000,более 2 000 000,около 5 000 000,более 3 000 000 +
   -360.1907 * VISITORS_COUNT=около 10 000,около 5 000,около 500,более 10 000,более 20 000,около 1 000,более 2 000,около 3 000,более 30 000,более 3 000,более 1 000,около 50 000,около 300 000,,более 100 000,около 100 000,более 200 000,около 1 000 000,более 300 000,около 500 000,более 1 000 000,более 2 000 000,около 5 000 000,более 3 000 000 +
     32.8493 * VISITORS_COUNT=около 5 000,около 500,более 10 000,более 20 000,около 1 000,более 2 000,около 3 000,более 30 000,более 3 000,более 1 000,около 50 000,около 300 000,,более 100 000,около 100 000,более 200 000,около 1 000 000,более 300 000,около 500 000,более 1 000 000,более 2 000 000,около 5 000 000,более 3 000 000 +
     74.578  * VISITORS_COUNT=около 500,более 10 000,более 20 000,около 1 000,более 2 000,около 3 000,более 30 000,более 3 000,более 1 000,около 50 000,около 300 000,,более 100 000,около 100 000,более 200 000,около 1 000 000,более 300 000,около 500 000,более 1 000 000,более 2 000 000,около 5 000 000,более 3 000 000 +
     39.9456 * VISITORS_COUNT=более 20 000,около 1 000,более 2 000,около 3 000,более 30 000,более 3 000,более 1 000,около 50 000,около 300 000,,более 100 000,около 100 000,более 200 000,около 1 000 000,более 300 000,около 500 000,более 1 000 000,более 2 000 000,около 5 000 000,более 3 000 000 +
    143.6465 * VISITORS_COUNT=около 1 000,более 2 000,около 3 000,более 30 000,более 3 000,более 1 000,около 50 000,около 300 000,,более 100 000,около 100 000,более 200 000,около 1 000 000,более 300 000,около 500 000,более 1 000 000,более 2 000 000,около 5 000 000,более 3 000 000 +
   -276.637  * VISITORS_COUNT=более 2 000,около 3 000,более 30 000,более 3 000,более 1 000,около 50 000,около 300 000,,более 100 000,около 100 000,более 200 000,около 1 000 000,более 300 000,около 500 000,более 1 000 000,более 2 000 000,около 5 000 000,более 3 000 000 +
    865.5588 * VISITORS_COUNT=около 3 000,более 30 000,более 3 000,более 1 000,около 50 000,около 300 000,,более 100 000,около 100 000,более 200 000,около 1 000 000,более 300 000,около 500 000,более 1 000 000,более 2 000 000,около 5 000 000,более 3 000 000 +
   -687.0808 * VISITORS_COUNT=более 30 000,более 3 000,более 1 000,около 50 000,около 300 000,,более 100 000,около 100 000,более 200 000,около 1 000 000,более 300 000,около 500 000,более 1 000 000,более 2 000 000,около 5 000 000,более 3 000 000 +
     68.0948 * VISITORS_COUNT=более 3 000,более 1 000,около 50 000,около 300 000,,более 100 000,около 100 000,более 200 000,около 1 000 000,более 300 000,около 500 000,более 1 000 000,более 2 000 000,около 5 000 000,более 3 000 000 +
    -28.5158 * VISITORS_COUNT=более 1 000,около 50 000,около 300 000,,более 100 000,около 100 000,более 200 000,около 1 000 000,более 300 000,около 500 000,более 1 000 000,более 2 000 000,около 5 000 000,более 3 000 000 +
   -108.0865 * VISITORS_COUNT=около 50 000,около 300 000,,более 100 000,около 100 000,более 200 000,около 1 000 000,более 300 000,около 500 000,более 1 000 000,более 2 000 000,около 5 000 000,более 3 000 000 +
