
Linear Regression Model

PRICE =

     -0.1529 * WEALTH_INDEX +
    -11.0437 * EDUCATION_INDEX +
      0.1632 * AVERAGE_SALARY +
    185.2096 * MARKET_INDEX=E,D,C,B,AA,A +
     19.1578 * MARKET_INDEX=D,C,B,AA,A +
    107.257  * MARKET_INDEX=C,B,AA,A +
     27.5583 * MARKET_INDEX=B,AA,A +
   -141.3928 * MARKET_INDEX=AA,A +
     97.39   * MARKET_INDEX=A +
      0      * MARKET_VOLUME +
      1.5213 * LOCAL_PERCENT +
      0.9657 * LOCAL_PRICE +
    -13.5007 * LOCAL_QUALITY +
    -98.7017 * SHOP_SIZE=500,10000,1000,3,2,5,4,1,100000 +
   -154.7248 * SHOP_SIZE=10000,1000,3,2,5,4,1,100000 +
    120.4267 * SHOP_SIZE=1000,3,2,5,4,1,100000 +
    -28.3611 * SHOP_SIZE=3,2,5,4,1,100000 +
    -28.4969 * SHOP_SIZE=2,5,4,1,100000 +
    -28.3345 * SHOP_SIZE=5,4,1,100000 +
    -28.2049 * SHOP_SIZE=4,1,100000 +
    -28.4282 * SHOP_SIZE=1,100000 +
    -28.4558 * SHOP_SIZE=100000 +
    -20.0023 * TOWN_DISTRICT=Окраина,Спальный район,,Центр города,Фешенебельный район +
    -10.5307 * TOWN_DISTRICT=Спальный район,,Центр города,Фешенебельный район +
     12.9832 * TOWN_DISTRICT=,Центр города,Фешенебельный район +
     13.0748 * TOWN_DISTRICT=Центр города,Фешенебельный район +
     27.5069 * TOWN_DISTRICT=Фешенебельный район +
    -52.9005 * DEPARTMENT_COUNT=3,6,7,8,5,2,9,1,10 +
    -17.1783 * DEPARTMENT_COUNT=6,7,8,5,2,9,1,10 +
     39.6364 * DEPARTMENT_COUNT=7,8,5,2,9,1,10 +
     12.5408 * DEPARTMENT_COUNT=8,5,2,9,1,10 +
     43.097  * DEPARTMENT_COUNT=5,2,9,1,10 +
     -7.3679 * DEPARTMENT_COUNT=2,9,1,10 +
     31.4738 * DEPARTMENT_COUNT=9,1,10 +
    -43.7632 * DEPARTMENT_COUNT=1,10 +
    208.1855 * DEPARTMENT_COUNT=10 +
     17.8445 * BRAND +
      6.4344 * QUALITY +
      0.0104 * NOTORIETY +
    108.1613 * VISITORS_COUNT=около 300,около 50,менее 50,более 100,более 300,около 500,более 3 000,более 2 000,около 200,более 200,около 5 000,около 30 000,около 10 000,более 1 000,более 20 000,более 10 000,более 30 000,,около 100 000,более 100 000,около 1 000,около 50 000,более 1 000 000,около 1 000 000,более 200 000,около 3 000,более 3 000 000,более 300 000,более 2 000 000,около 500 000,около 20 000,около 5 000 000 +
   -110.5152 * VISITORS_COUNT=около 50,менее 50,более 100,более 300,около 500,более 3 000,более 2 000,около 200,более 200,около 5 000,около 30 000,около 10 000,более 1 000,более 20 000,более 10 000,более 30 000,,около 100 000,более 100 000,около 1 000,около 50 000,более 1 000 000,около 1 000 000,более 200 000,около 3 000,более 3 000 000,более 300 000,более 2 000 000,около 500 000,около 20 000,около 5 000 000 +
    -57.5968 * VISITORS_COUNT=менее 50,более 100,более 300,около 500,более 3 000,более 2 000,около 200,более 200,около 5 000,около 30 000,около 10 000,более 1 000,более 20 000,более 10 000,более 30 000,,около 100 000,более 100 000,около 1 000,около 50 000,более 1 000 000,около 1 000 000,более 200 000,около 3 000,более 3 000 000,более 300 000,более 2 000 000,около 500 000,около 20 000,около 5 000 000 +
    131.5339 * VISITORS_COUNT=более 100,более 300,около 500,более 3 000,более 2 000,около 200,более 200,около 5 000,около 30 000,около 10 000,более 1 000,более 20 000,более 10 000,более 30 000,,около 100 000,более 100 000,около 1 000,около 50 000,более 1 000 000,около 1 000 000,более 200 000,около 3 000,более 3 000 000,более 300 000,более 2 000 000,около 500 000,около 20 000,около 5 000 000 +
     50.4543 * VISITORS_COUNT=около 500,более 3 000,более 2 000,около 200,более 200,около 5 000,около 30 000,около 10 000,более 1 000,более 20 000,более 10 000,более 30 000,,около 100 000,более 100 000,около 1 000,около 50 000,более 1 000 000,около 1 000 000,более 200 000,около 3 000,более 3 000 000,более 300 000,более 2 000 000,около 500 000,около 20 000,около 5 000 000 +
    119.3515 * VISITORS_COUNT=более 3 000,более 2 000,около 200,более 200,около 5 000,около 30 000,около 10 000,более 1 000,более 20 000,более 10 000,более 30 000,,около 100 000,более 100 000,около 1 000,около 50 000,более 1 000 000,около 1 000 000,более 200 000,около 3 000,более 3 000 000,более 300 000,более 2 000 000,около 500 000,около 20 000,около 5 000 000 +
    -37.874  * VISITORS_COUNT=более 2 000,около 200,более 200,около 5 000,около 30 000,около 10 000,более 1 000,более 20 000,более 10 000,более 30 000,,около 100 000,более 100 000,около 1 000,около 50 000,более 1 000 000,около 1 000 000,более 200 000,около 3 000,более 3 000 000,более 300 000,более 2 000 000,около 500 000,около 20 000,около 5 000 000 +
    -77.034  * VISITORS_COUNT=около 200,более 200,около 5 000,около 30 000,около 10 000,более 1 000,более 20 000,более 10 000,более 30 000,,около 100 000,более 100 000,около 1 000,около 50 000,более 1 000 000,около 1 000 000,более 200 000,около 3 000,более 3 000 000,более 300 000,более 2 000 000,около 500 000,около 20 000,около 5 000 000 +
     -8.8329 * VISITORS_COUNT=более 200,около 5 000,около 30 000,около 10 000,более 1 000,более 20 000,более 10 000,более 30 000,,около 100 000,более 100 000,около 1 000,около 50 000,более 1 000 000,около 1 000 000,более 200 000,около 3 000,более 3 000 000,более 300 000,более 2 000 000,около 500 000,около 20 000,около 5 000 000 +
    139.208  * VISITORS_COUNT=около 5 000,около 30 000,около 10 000,более 1 000,более 20 000,более 10 000,более 30 000,,около 100 000,более 100 000,около 1 000,около 50 000,более 1 000 000,около 1 000 000,более 200 000,около 3 000,более 3 000 000,более 300 000,более 2 000 000,около 500 000,около 20 000,около 5 000 000 +
    121.163  * VISITORS_COUNT=около 30 000,около 10 000,более 1 000,более 20 000,более 10 000,более 30 000,,около 100 000,более 100 000,около 1 000,около 50 000,более 1 000 000,около 1 000 000,более 200 000,около 3 000,более 3 000 000,более 300 000,более 2 000 000,около 500 000,около 20 000,около 5 000 000 +
    -60.7865 * VISITORS_COUNT=около 10 000,более 1 000,более 20 000,более 10 000,более 30 000,,около 100 000,более 100 000,около 1 000,около 50 000,более 1 000 000,около 1 000 000,более 200 000,около 3 000,более 3 000 000,более 300 000,более 2 000 000,около 500 000,около 20 000,около 5 000 000 +
   -109.5672 * VISITORS_COUNT=более 1 000,более 20 000,более 10 000,более 30 000,,около 100 000,более 100 000,около 1 000,около 50 000,более 1 000 000,около 1 000 000,более 200 000,около 3 000,более 3 000 000,более 300 000,более 2 000 000,около 500 000,около 20 000,около 5 000 000 +
    197.22   * VISITORS_COUNT=более 20 000,более 10 000,более 30 000,,около 100 000,более 100 000,около 1 000,около 50 000,более 1 000 000,около 1 000 000,более 200 000,около 3 000,более 3 000 000,более 300 000,более 2 000 000,около 500 000,около 20 000,около 5 000 000 +
    -26.1734 * VISITORS_COUNT=более 10 000,более 30 000,,около 100 000,более 100 000,около 1 000,около 50 000,более 1 000 000,около 1 000 000,более 200 000,около 3 000,более 3 000 000,более 300 000,более 2 000 000,около 500 000,около 20 000,около 5 000 000 +
     37.1657 * VISITORS_COUNT=более 30 000,,около 100 000,более 100 000,около 1 000,около 50 000,более 1 000 000,около 1 000 000,более 200 000,около 3 000,более 3 000 000,более 300 000,более 2 000 000,около 500 000,около 20 000,около 5 000 000 +
     16.8632 * VISITORS_COUNT=,около 100 000,более 100 000,около 1 000,около 50 000,более 1 000 000,около 1 000 000,более 200 000,около 3 000,более 3 000 000,более 300 000,более 2 000 000,около 500 000,около 20 000,около 5 000 000 +
     16.9104 * VISITORS_COUNT=около 100 000,более 100 000,около 1 000,около 50 000,более 1 000 000,около 1 000 000,более 200 000,около 3 000,более 3 000 000,более 300 000,более 2 000 000,около 500 000,около 20 000,около 5 000 000 +
      6.9423 * VISITORS_COUNT=более 100 000,около 1 000,около 50 000,более 1 000 000,около 1 000 000,более 200 000,около 3 000,более 3 000 000,более 300 000,более 2 000 000,около 500 000,около 20 000,около 5 000 000 +
