
Linear Regression Model

PRICE =

     -0.4022 * WEALTH_INDEX +
    -16.7517 * EDUCATION_INDEX +
      0.2434 * AVERAGE_SALARY +
   -134.237  * MARKET_INDEX=AAA,,B,E,C,A,AA +
   -164.103  * MARKET_INDEX=,B,E,C,A,AA +
    397.5698 * MARKET_INDEX=B,E,C,A,AA +
   -214.3704 * MARKET_INDEX=E,C,A,AA +
    245.3043 * MARKET_INDEX=C,A,AA +
      0      * MARKET_VOLUME +
      4.2261 * LOCAL_PERCENT +
      0.913  * LOCAL_PRICE +
    -20.7263 * LOCAL_QUALITY +
   -119.3154 * SHOP_SIZE=500,10000,1000,3,2,5,4,1,100000 +
   -328.5938 * SHOP_SIZE=10000,1000,3,2,5,4,1,100000 +
    235.7472 * SHOP_SIZE=1000,3,2,5,4,1,100000 +
    -52.5217 * SHOP_SIZE=3,2,5,4,1,100000 +
    -52.7351 * SHOP_SIZE=2,5,4,1,100000 +
    -52.5412 * SHOP_SIZE=5,4,1,100000 +
    -52.5006 * SHOP_SIZE=4,1,100000 +
    -52.1632 * SHOP_SIZE=1,100000 +
    -52.384  * SHOP_SIZE=100000 +
    -38.3547 * TOWN_DISTRICT=Спальный район,Центр города,,Фешенебельный район +
     47.2458 * TOWN_DISTRICT=Центр города,,Фешенебельный район +
     51.367  * TOWN_DISTRICT=,Фешенебельный район +
     51.3377 * TOWN_DISTRICT=Фешенебельный район +
    102.9645 * DEPARTMENT_COUNT=5,6,7,9,4,1,2,3,10 +
    -61.0217 * DEPARTMENT_COUNT=6,7,9,4,1,2,3,10 +
    -13.4314 * DEPARTMENT_COUNT=7,9,4,1,2,3,10 +
    129.24   * DEPARTMENT_COUNT=9,4,1,2,3,10 +
     68.798  * DEPARTMENT_COUNT=4,1,2,3,10 +
    -63.9971 * DEPARTMENT_COUNT=1,2,3,10 +
    122.3768 * DEPARTMENT_COUNT=2,3,10 +
     70.9565 * DEPARTMENT_COUNT=3,10 +
    168.4433 * DEPARTMENT_COUNT=10 +
      3.1433 * BRAND +
      4.9698 * QUALITY +
      0.3205 * NOTORIETY +
   -524.6675 * VISITORS_COUNT=менее 50,около 100,более 300,около 300,около 50,около 3 000,около 200,более 3 000,около 500,более 200,более 100,более 2 000,около 5 000,более 20 000,более 1 000,около 10 000,,более 10 000,около 1 000,более 30 000,более 200 000,более 100 000,более 300 000,около 100 000,более 1 000 000,около 500 000,около 1 000 000,около 50 000,более 2 000 000,более 3 000 000,около 20 000,около 5 000 000 +
    253.6996 * VISITORS_COUNT=около 100,более 300,около 300,около 50,около 3 000,около 200,более 3 000,около 500,более 200,более 100,более 2 000,около 5 000,более 20 000,более 1 000,около 10 000,,более 10 000,около 1 000,более 30 000,более 200 000,более 100 000,более 300 000,около 100 000,более 1 000 000,около 500 000,около 1 000 000,около 50 000,более 2 000 000,более 3 000 000,около 20 000,около 5 000 000 +
     79.7621 * VISITORS_COUNT=более 300,около 300,около 50,около 3 000,около 200,более 3 000,около 500,более 200,более 100,более 2 000,около 5 000,более 20 000,более 1 000,около 10 000,,более 10 000,около 1 000,более 30 000,более 200 000,более 100 000,более 300 000,около 100 000,более 1 000 000,около 500 000,около 1 000 000,около 50 000,более 2 000 000,более 3 000 000,около 20 000,около 5 000 000 +
     84.8456 * VISITORS_COUNT=около 300,около 50,около 3 000,около 200,более 3 000,около 500,более 200,более 100,более 2 000,около 5 000,более 20 000,более 1 000,около 10 000,,более 10 000,около 1 000,более 30 000,более 200 000,более 100 000,более 300 000,около 100 000,более 1 000 000,около 500 000,около 1 000 000,около 50 000,более 2 000 000,более 3 000 000,около 20 000,около 5 000 000 +
   -189.2954 * VISITORS_COUNT=около 50,около 3 000,около 200,более 3 000,около 500,более 200,более 100,более 2 000,около 5 000,более 20 000,более 1 000,около 10 000,,более 10 000,около 1 000,более 30 000,более 200 000,более 100 000,более 300 000,около 100 000,более 1 000 000,около 500 000,около 1 000 000,около 50 000,более 2 000 000,более 3 000 000,около 20 000,около 5 000 000 +
    190.7503 * VISITORS_COUNT=около 3 000,около 200,более 3 000,около 500,более 200,более 100,более 2 000,около 5 000,более 20 000,более 1 000,около 10 000,,более 10 000,около 1 000,более 30 000,более 200 000,более 100 000,более 300 000,около 100 000,более 1 000 000,около 500 000,около 1 000 000,около 50 000,более 2 000 000,более 3 000 000,около 20 000,около 5 000 000 +
    -22.9225 * VISITORS_COUNT=около 200,более 3 000,около 500,более 200,более 100,более 2 000,около 5 000,более 20 000,более 1 000,около 10 000,,более 10 000,около 1 000,более 30 000,более 200 000,более 100 000,более 300 000,около 100 000,более 1 000 000,около 500 000,около 1 000 000,около 50 000,более 2 000 000,более 3 000 000,около 20 000,около 5 000 000 +
    220.9669 * VISITORS_COUNT=более 3 000,около 500,более 200,более 100,более 2 000,около 5 000,более 20 000,более 1 000,около 10 000,,более 10 000,около 1 000,более 30 000,более 200 000,более 100 000,более 300 000,около 100 000,более 1 000 000,около 500 000,около 1 000 000,около 50 000,более 2 000 000,более 3 000 000,около 20 000,около 5 000 000 +
   -211.1801 * VISITORS_COUNT=около 500,более 200,более 100,более 2 000,около 5 000,более 20 000,более 1 000,около 10 000,,более 10 000,около 1 000,более 30 000,более 200 000,более 100 000,более 300 000,около 100 000,более 1 000 000,около 500 000,около 1 000 000,около 50 000,более 2 000 000,более 3 000 000,около 20 000,около 5 000 000 +
    -31.717  * VISITORS_COUNT=более 200,более 100,более 2 000,около 5 000,более 20 000,более 1 000,около 10 000,,более 10 000,около 1 000,более 30 000,более 200 000,более 100 000,более 300 000,около 100 000,более 1 000 000,около 500 000,около 1 000 000,около 50 000,более 2 000 000,более 3 000 000,около 20 000,около 5 000 000 +
    -51.8862 * VISITORS_COUNT=более 100,более 2 000,около 5 000,более 20 000,более 1 000,около 10 000,,более 10 000,около 1 000,более 30 000,более 200 000,более 100 000,более 300 000,около 100 000,более 1 000 000,около 500 000,около 1 000 000,около 50 000,более 2 000 000,более 3 000 000,около 20 000,около 5 000 000 +
    265.1195 * VISITORS_COUNT=более 2 000,около 5 000,более 20 000,более 1 000,около 10 000,,более 10 000,около 1 000,более 30 000,более 200 000,более 100 000,более 300 000,около 100 000,более 1 000 000,около 500 000,около 1 000 000,около 50 000,более 2 000 000,более 3 000 000,около 20 000,около 5 000 000 +
     70.268  * VISITORS_COUNT=около 5 000,более 20 000,более 1 000,около 10 000,,более 10 000,около 1 000,более 30 000,более 200 000,более 100 000,более 300 000,около 100 000,более 1 000 000,около 500 000,около 1 000 000,около 50 000,более 2 000 000,более 3 000 000,около 20 000,около 5 000 000 +
    146.4774 * VISITORS_COUNT=более 20 000,более 1 000,около 10 000,,более 10 000,около 1 000,более 30 000,более 200 000,более 100 000,более 300 000,около 100 000,более 1 000 000,около 500 000,около 1 000 000,около 50 000,более 2 000 000,более 3 000 000,около 20 000,около 5 000 000 +
   -224.9368 * VISITORS_COUNT=более 1 000,около 10 000,,более 10 000,около 1 000,более 30 000,более 200 000,более 100 000,более 300 000,около 100 000,более 1 000 000,около 500 000,около 1 000 000,около 50 000,более 2 000 000,более 3 000 000,около 20 000,около 5 000 000 +
    178.8346 * VISITORS_COUNT=около 10 000,,более 10 000,около 1 000,более 30 000,более 200 000,более 100 000,более 300 000,около 100 000,более 1 000 000,около 500 000,около 1 000 000,около 50 000,более 2 000 000,более 3 000 000,около 20 000,около 5 000 000 +
     22.6357 * VISITORS_COUNT=,более 10 000,около 1 000,более 30 000,более 200 000,более 100 000,более 300 000,около 100 000,более 1 000 000,около 500 000,около 1 000 000,около 50 000,более 2 000 000,более 3 000 000,около 20 000,около 5 000 000 +
     22.5675 * VISITORS_COUNT=более 10 000,около 1 000,более 30 000,более 200 000,более 100 000,более 300 000,около 100 000,более 1 000 000,около 500 000,около 1 000 000,около 50 000,более 2 000 000,более 3 000 000,около 20 000,около 5 000 000 +
   -231.0913 * VISITORS_COUNT=около 1 000,более 30 000,более 200 000,более 100 000,более 300 000,около 100 000,более 1 000 000,около 500 000,около 1 000 000,около 50 000,более 2 000 000,более 3 000 000,около 20 000,около 5 000 000 +
