
Linear Regression Model

PRICE =

   5289.8834 * WEALTH_INDEX +
 -38461.3457 * EDUCATION_INDEX +
    724.1269 * AVERAGE_SALARY +
1552647.5371 * MARKET_INDEX=E,,C,D,A,AA,AAA +
 354749.9784 * MARKET_INDEX=D,A,AA,AAA +
 302317.3539 * MARKET_INDEX=A,AA,AAA +
  97374.0579 * MARKET_INDEX=AA,AAA +
 209648.5254 * MARKET_INDEX=AAA +
    -10.0391 * MARKET_VOLUME +
  -3860.8705 * LOCAL_PERCENT +
      1.0573 * LOCAL_PRICE +
 -34470.1455 * LOCAL_QUALITY +
1233426.1521 * SHOP_SIZE=10000,1000,3,2,5,4,1,100000,500 +
-330645.4303 * SHOP_SIZE=1000,3,2,5,4,1,100000,500 +
 176407.0904 * SHOP_SIZE=3,2,5,4,1,100000,500 +
 176646.4156 * SHOP_SIZE=2,5,4,1,100000,500 +
 177557.4166 * SHOP_SIZE=5,4,1,100000,500 +
 176974.302  * SHOP_SIZE=4,1,100000,500 +
 176398.9353 * SHOP_SIZE=1,100000,500 +
 175984.5816 * SHOP_SIZE=100000,500 +
-1377473.803 * SHOP_SIZE=500 +
-398588.7165 * TOWN_DISTRICT=Фешенебельный район,Пригород,,Центр города,Окраина +
 632510.5534 * TOWN_DISTRICT=Пригород,,Центр города,Окраина +
-513383.8183 * TOWN_DISTRICT=Окраина +
 508012.9406 * DEPARTMENT_COUNT=6,3,2,9,5,4,1,7,8 +
 232786.2686 * DEPARTMENT_COUNT=3,2,9,5,4,1,7,8 +
 -49089.9784 * DEPARTMENT_COUNT=9,5,4,1,7,8 +
-149129.7348 * DEPARTMENT_COUNT=5,4,1,7,8 +
 578594.3691 * DEPARTMENT_COUNT=1,7,8 +
-488460.9403 * DEPARTMENT_COUNT=7,8 +
-917477.5606 * DEPARTMENT_COUNT=8 +
  63349.4005 * BRAND +
 -11851.7443 * QUALITY +
   2685.4727 * NOTORIETY +
-310731.2293 * VISITORS_COUNT=около 100,менее 50,около 20 000,более 300,более 2 000,около 500,более 200,более 3 000,более 300 000,около 5 000,более 1 000 000,более 10 000,около 50 000,около 10 000,более 200 000,более 20 000,,около 1 000,около 100 000,около 1 000 000,более 100 000,более 1 000,около 500 000,более 100,около 2 000,более 2 000 000,более 30 000,около 300,более 3 000 000,около 5 000 000,около 200 +
 591862.2921 * VISITORS_COUNT=менее 50,около 20 000,более 300,более 2 000,около 500,более 200,более 3 000,более 300 000,около 5 000,более 1 000 000,более 10 000,около 50 000,около 10 000,более 200 000,более 20 000,,около 1 000,около 100 000,около 1 000 000,более 100 000,более 1 000,около 500 000,более 100,около 2 000,более 2 000 000,более 30 000,около 300,более 3 000 000,около 5 000 000,около 200 +
-1644493.8029 * VISITORS_COUNT=около 20 000,более 300,более 2 000,около 500,более 200,более 3 000,более 300 000,около 5 000,более 1 000 000,более 10 000,около 50 000,около 10 000,более 200 000,более 20 000,,около 1 000,около 100 000,около 1 000 000,более 100 000,более 1 000,около 500 000,более 100,около 2 000,более 2 000 000,более 30 000,около 300,более 3 000 000,около 5 000 000,около 200 +
1047936.8281 * VISITORS_COUNT=более 300,более 2 000,около 500,более 200,более 3 000,более 300 000,около 5 000,более 1 000 000,более 10 000,около 50 000,около 10 000,более 200 000,более 20 000,,около 1 000,около 100 000,около 1 000 000,более 100 000,более 1 000,около 500 000,более 100,около 2 000,более 2 000 000,более 30 000,около 300,более 3 000 000,около 5 000 000,около 200 +
-305860.1019 * VISITORS_COUNT=более 2 000,около 500,более 200,более 3 000,более 300 000,около 5 000,более 1 000 000,более 10 000,около 50 000,около 10 000,более 200 000,более 20 000,,около 1 000,около 100 000,около 1 000 000,более 100 000,более 1 000,около 500 000,более 100,около 2 000,более 2 000 000,более 30 000,около 300,более 3 000 000,около 5 000 000,около 200 +
 414660.9858 * VISITORS_COUNT=около 500,более 200,более 3 000,более 300 000,около 5 000,более 1 000 000,более 10 000,около 50 000,около 10 000,более 200 000,более 20 000,,около 1 000,около 100 000,около 1 000 000,более 100 000,более 1 000,около 500 000,более 100,около 2 000,более 2 000 000,более 30 000,около 300,более 3 000 000,около 5 000 000,около 200 +
 235899.3994 * VISITORS_COUNT=более 200,более 3 000,более 300 000,около 5 000,более 1 000 000,более 10 000,около 50 000,около 10 000,более 200 000,более 20 000,,около 1 000,около 100 000,около 1 000 000,более 100 000,более 1 000,около 500 000,более 100,около 2 000,более 2 000 000,более 30 000,около 300,более 3 000 000,около 5 000 000,около 200 +
-498589.5905 * VISITORS_COUNT=более 3 000,более 300 000,около 5 000,более 1 000 000,более 10 000,около 50 000,около 10 000,более 200 000,более 20 000,,около 1 000,около 100 000,около 1 000 000,более 100 000,более 1 000,около 500 000,более 100,около 2 000,более 2 000 000,более 30 000,около 300,более 3 000 000,около 5 000 000,около 200 +
-1296501.1114 * VISITORS_COUNT=более 300 000,около 5 000,более 1 000 000,более 10 000,около 50 000,около 10 000,более 200 000,более 20 000,,около 1 000,около 100 000,около 1 000 000,более 100 000,более 1 000,около 500 000,более 100,около 2 000,более 2 000 000,более 30 000,около 300,более 3 000 000,около 5 000 000,около 200 +
1075767.1987 * VISITORS_COUNT=около 5 000,более 1 000 000,более 10 000,около 50 000,около 10 000,более 200 000,более 20 000,,около 1 000,около 100 000,около 1 000 000,более 100 000,более 1 000,около 500 000,более 100,около 2 000,более 2 000 000,более 30 000,около 300,более 3 000 000,около 5 000 000,около 200 +
-1247879.9337 * VISITORS_COUNT=более 1 000 000,более 10 000,около 50 000,около 10 000,более 200 000,более 20 000,,около 1 000,около 100 000,около 1 000 000,более 100 000,более 1 000,около 500 000,более 100,около 2 000,более 2 000 000,более 30 000,около 300,более 3 000 000,около 5 000 000,около 200 +
1121795.2966 * VISITORS_COUNT=более 10 000,около 50 000,около 10 000,более 200 000,более 20 000,,около 1 000,около 100 000,около 1 000 000,более 100 000,более 1 000,около 500 000,более 100,около 2 000,более 2 000 000,более 30 000,около 300,более 3 000 000,около 5 000 000,около 200 +
-361686.8886 * VISITORS_COUNT=около 50 000,около 10 000,более 200 000,более 20 000,,около 1 000,около 100 000,около 1 000 000,более 100 000,более 1 000,около 500 000,более 100,около 2 000,более 2 000 000,более 30 000,около 300,более 3 000 000,около 5 000 000,около 200 +
 422998.1371 * VISITORS_COUNT=около 10 000,более 200 000,более 20 000,,около 1 000,около 100 000,около 1 000 000,более 100 000,более 1 000,около 500 000,более 100,около 2 000,более 2 000 000,более 30 000,около 300,более 3 000 000,около 5 000 000,около 200 +
-862336.3694 * VISITORS_COUNT=более 200 000,более 20 000,,около 1 000,около 100 000,около 1 000 000,более 100 000,более 1 000,около 500 000,более 100,около 2 000,более 2 000 000,более 30 000,около 300,более 3 000 000,около 5 000 000,около 200 +
 670144.9453 * VISITORS_COUNT=более 20 000,,около 1 000,около 100 000,около 1 000 000,более 100 000,более 1 000,около 500 000,более 100,около 2 000,более 2 000 000,более 30 000,около 300,более 3 000 000,около 5 000 000,около 200 +
 448589.2545 * VISITORS_COUNT=,около 1 000,около 100 000,около 1 000 000,более 100 000,более 1 000,около 500 000,более 100,около 2 000,более 2 000 000,более 30 000,около 300,более 3 000 000,около 5 000 000,около 200 +
 448509.2086 * VISITORS_COUNT=около 1 000,около 100 000,около 1 000 000,более 100 000,более 1 000,около 500 000,более 100,около 2 000,более 2 000 000,более 30 000,около 300,более 3 000 000,около 5 000 000,около 200 +
-1189898.4746 * VISITORS_COUNT=около 100 000,около 1 000 000,более 100 000,более 1 000,около 500 000,более 100,около 2 000,более 2 000 000,более 30 000,около 300,более 3 000 000,около 5 000 000,около 200 +
-624298.3699 * VISITORS_COUNT=около 1 000 000,более 100 000,более 1 000,около 500 000,более 100,около 2 000,более 2 000 000,более 30 000,около 300,более 3 000 000,около 5 000 000,около 200 +
 470916.171  * VISITORS_COUNT=более 100 000,более 1 000,около 500 000,более 100,около 2 000,более 2 000 000,более 30 000,около 300,более 3 000 000,около 5 000 000,около 200 +
1155902.9104 * VISITORS_COUNT=более 1 000,около 500 000,более 100,около 2 000,более 2 000 000,более 30 000,около 300,более 3 000 000,около 5 000 000,около 200 +
