
Linear Regression Model

PRICE =

  -1330.5098 * WEALTH_INDEX +
 -15763.3087 * EDUCATION_INDEX +
    295.0333 * AVERAGE_SALARY +
  76555.4502 * MARKET_INDEX=D,C,A,AA,AAA +
 263242.2826 * MARKET_INDEX=C,A,AA,AAA +
 -63064.7793 * MARKET_INDEX=A,AA,AAA +
-156400.8881 * MARKET_INDEX=AA,AAA +
  74009.5682 * MARKET_INDEX=AAA +
     -4.8106 * MARKET_VOLUME +
   2073.9037 * LOCAL_PERCENT +
      2.731  * LOCAL_PRICE +
  -7173.9049 * LOCAL_QUALITY +
 254454.8592 * SHOP_SIZE=500,10000,3,2,5,4,1,1000,100000 +
 599748.5373 * SHOP_SIZE=10000,3,2,5,4,1,1000,100000 +
 -29507.7098 * SHOP_SIZE=3,2,5,4,1,1000,100000 +
 -29276.4107 * SHOP_SIZE=2,5,4,1,1000,100000 +
 -29860.5206 * SHOP_SIZE=5,4,1,1000,100000 +
 -30201.2315 * SHOP_SIZE=4,1,1000,100000 +
 -31066.7895 * SHOP_SIZE=1,1000,100000 +
 -31821.8538 * SHOP_SIZE=1000,100000 +
 647156.8026 * SHOP_SIZE=100000 +
-156108.2839 * TOWN_DISTRICT=Пригород,Фешенебельный район,,Центр города,Окраина +
-140773.7799 * TOWN_DISTRICT=Фешенебельный район,,Центр города,Окраина +
 181593.9331 * TOWN_DISTRICT=,Центр города,Окраина +
 181591.849  * TOWN_DISTRICT=Центр города,Окраина +
-143574.3923 * TOWN_DISTRICT=Окраина +
-161564.5771 * DEPARTMENT_COUNT=7,8,10,5,3,4,2,9,1 +
-134438.3387 * DEPARTMENT_COUNT=8,10,5,3,4,2,9,1 +
 402119.2927 * DEPARTMENT_COUNT=10,5,3,4,2,9,1 +
-182416.9094 * DEPARTMENT_COUNT=5,3,4,2,9,1 +
 217923.501  * DEPARTMENT_COUNT=3,4,2,9,1 +
-115594.2151 * DEPARTMENT_COUNT=4,2,9,1 +
 148704.2003 * DEPARTMENT_COUNT=2,9,1 +
 195852.7478 * DEPARTMENT_COUNT=9,1 +
 -31547.9291 * DEPARTMENT_COUNT=1 +
  60554.8469 * BRAND +
  -2323.496  * QUALITY +
   1926.1348 * NOTORIETY +
-859599.6167 * VISITORS_COUNT=около 100,около 50,около 20 000,около 3 000,около 300,более 100,более 200,более 300,более 3 000,более 30 000,более 2 000,около 2 000,около 500,более 10 000,около 5 000,около 50 000,более 20 000,около 10 000,более 1 000 000,более 2 000 000,более 100 000,около 100 000,,более 200 000,около 200,около 1 000 000,более 300 000,около 1 000,более 1 000,около 500 000,более 3 000 000,около 5 000 000 +
 620560.6817 * VISITORS_COUNT=около 50,около 20 000,около 3 000,около 300,более 100,более 200,более 300,более 3 000,более 30 000,более 2 000,около 2 000,около 500,более 10 000,около 5 000,около 50 000,более 20 000,около 10 000,более 1 000 000,более 2 000 000,более 100 000,около 100 000,,более 200 000,около 200,около 1 000 000,более 300 000,около 1 000,более 1 000,около 500 000,более 3 000 000,около 5 000 000 +
-743229.609  * VISITORS_COUNT=около 20 000,около 3 000,около 300,более 100,более 200,более 300,более 3 000,более 30 000,более 2 000,около 2 000,около 500,более 10 000,около 5 000,около 50 000,более 20 000,около 10 000,более 1 000 000,более 2 000 000,более 100 000,около 100 000,,более 200 000,около 200,около 1 000 000,более 300 000,около 1 000,более 1 000,около 500 000,более 3 000 000,около 5 000 000 +
 272645.1792 * VISITORS_COUNT=около 300,более 100,более 200,более 300,более 3 000,более 30 000,более 2 000,около 2 000,около 500,более 10 000,около 5 000,около 50 000,более 20 000,около 10 000,более 1 000 000,более 2 000 000,более 100 000,около 100 000,,более 200 000,около 200,около 1 000 000,более 300 000,около 1 000,более 1 000,около 500 000,более 3 000 000,около 5 000 000 +
 268663.0304 * VISITORS_COUNT=более 100,более 200,более 300,более 3 000,более 30 000,более 2 000,около 2 000,около 500,более 10 000,около 5 000,около 50 000,более 20 000,около 10 000,более 1 000 000,более 2 000 000,более 100 000,около 100 000,,более 200 000,около 200,около 1 000 000,более 300 000,около 1 000,более 1 000,около 500 000,более 3 000 000,около 5 000 000 +
-116381.7651 * VISITORS_COUNT=более 300,более 3 000,более 30 000,более 2 000,около 2 000,около 500,более 10 000,около 5 000,около 50 000,более 20 000,около 10 000,более 1 000 000,более 2 000 000,более 100 000,около 100 000,,более 200 000,около 200,около 1 000 000,более 300 000,около 1 000,более 1 000,около 500 000,более 3 000 000,около 5 000 000 +
-398205.8738 * VISITORS_COUNT=более 30 000,более 2 000,около 2 000,около 500,более 10 000,около 5 000,около 50 000,более 20 000,около 10 000,более 1 000 000,более 2 000 000,более 100 000,около 100 000,,более 200 000,около 200,около 1 000 000,более 300 000,около 1 000,более 1 000,около 500 000,более 3 000 000,около 5 000 000 +
 345288.265  * VISITORS_COUNT=более 2 000,около 2 000,около 500,более 10 000,около 5 000,около 50 000,более 20 000,около 10 000,более 1 000 000,более 2 000 000,более 100 000,около 100 000,,более 200 000,около 200,около 1 000 000,более 300 000,около 1 000,более 1 000,около 500 000,более 3 000 000,около 5 000 000 +
-160845.785  * VISITORS_COUNT=около 2 000,около 500,более 10 000,около 5 000,около 50 000,более 20 000,около 10 000,более 1 000 000,более 2 000 000,более 100 000,около 100 000,,более 200 000,около 200,около 1 000 000,более 300 000,около 1 000,более 1 000,около 500 000,более 3 000 000,около 5 000 000 +
 367433.937  * VISITORS_COUNT=около 500,более 10 000,около 5 000,около 50 000,более 20 000,около 10 000,более 1 000 000,более 2 000 000,более 100 000,около 100 000,,более 200 000,около 200,около 1 000 000,более 300 000,около 1 000,более 1 000,около 500 000,более 3 000 000,около 5 000 000 +
-408133.8508 * VISITORS_COUNT=более 10 000,около 5 000,около 50 000,более 20 000,около 10 000,более 1 000 000,более 2 000 000,более 100 000,около 100 000,,более 200 000,около 200,около 1 000 000,более 300 000,около 1 000,более 1 000,около 500 000,более 3 000 000,около 5 000 000 +
 206923.2114 * VISITORS_COUNT=около 5 000,около 50 000,более 20 000,около 10 000,более 1 000 000,более 2 000 000,более 100 000,около 100 000,,более 200 000,около 200,около 1 000 000,более 300 000,около 1 000,более 1 000,около 500 000,более 3 000 000,около 5 000 000 +
-381932.9404 * VISITORS_COUNT=около 50 000,более 20 000,около 10 000,более 1 000 000,более 2 000 000,более 100 000,около 100 000,,более 200 000,около 200,около 1 000 000,более 300 000,около 1 000,более 1 000,около 500 000,более 3 000 000,около 5 000 000 +
 141450.7314 * VISITORS_COUNT=более 20 000,около 10 000,более 1 000 000,более 2 000 000,более 100 000,около 100 000,,более 200 000,около 200,около 1 000 000,более 300 000,около 1 000,более 1 000,около 500 000,более 3 000 000,около 5 000 000 +
 171473.1563 * VISITORS_COUNT=около 10 000,более 1 000 000,более 2 000 000,более 100 000,около 100 000,,более 200 000,около 200,около 1 000 000,более 300 000,около 1 000,более 1 000,около 500 000,более 3 000 000,около 5 000 000 +
-740542.4657 * VISITORS_COUNT=более 1 000 000,более 2 000 000,более 100 000,около 100 000,,более 200 000,около 200,около 1 000 000,более 300 000,около 1 000,более 1 000,около 500 000,более 3 000 000,около 5 000 000 +
-108141.6656 * VISITORS_COUNT=более 2 000 000,более 100 000,около 100 000,,более 200 000,около 200,около 1 000 000,более 300 000,около 1 000,более 1 000,около 500 000,более 3 000 000,около 5 000 000 +
 405690.4372 * VISITORS_COUNT=более 100 000,около 100 000,,более 200 000,около 200,около 1 000 000,более 300 000,около 1 000,более 1 000,около 500 000,более 3 000 000,около 5 000 000 +
  77391.1851 * VISITORS_COUNT=около 100 000,,более 200 000,около 200,около 1 000 000,более 300 000,около 1 000,более 1 000,около 500 000,более 3 000 000,около 5 000 000 +
 -95188.4651 * VISITORS_COUNT=,более 200 000,около 200,около 1 000 000,более 300 000,около 1 000,более 1 000,около 500 000,более 3 000 000,около 5 000 000 +
 -95036.3799 * VISITORS_COUNT=более 200 000,около 200,около 1 000 000,более 300 000,около 1 000,более 1 000,около 500 000,более 3 000 000,около 5 000 000 +
1239823.2153 * VISITORS_COUNT=около 200,около 1 000 000,более 300 000,около 1 000,более 1 000,около 500 000,более 3 000 000,около 5 000 000 +
-1416717.426 * VISITORS_COUNT=около 1 000 000,более 300 000,около 1 000,более 1 000,около 500 000,более 3 000 000,около 5 000 000 +
