
Linear Regression Model

PRICE =

   6960.2319 * WEALTH_INDEX +
 -51480.7038 * EDUCATION_INDEX +
   1217.7003 * AVERAGE_SALARY +
2068771.1709 * MARKET_INDEX=,D,A,AA,C,AAA +
-1317705.8892 * MARKET_INDEX=D,A,AA,C,AAA +
-300952.7673 * MARKET_INDEX=AA,C,AAA +
1040120.6219 * MARKET_INDEX=C,AAA +
 848233.959  * MARKET_INDEX=AAA +
    -32.486  * MARKET_VOLUME +
   6165.7705 * LOCAL_PERCENT +
      0.809  * LOCAL_PRICE +
 -53360.3507 * LOCAL_QUALITY +
-359230.6973 * SHOP_SIZE=10000,1000,3,2,5,4,1,100000 +
 402289.6354 * SHOP_SIZE=1000,3,2,5,4,1,100000 +
 -52183.3675 * SHOP_SIZE=2,5,4,1,100000 +
 -52520.9798 * SHOP_SIZE=5,4,1,100000 +
 422069.1529 * TOWN_DISTRICT=Фешенебельный район,,Центр города +
 -52991.7928 * TOWN_DISTRICT=,Центр города +
1405871.383  * DEPARTMENT_COUNT=9,6,2,5,1,4,3,8,7 +
 165064.5494 * DEPARTMENT_COUNT=2,5,1,4,3,8,7 +
-565508.5284 * DEPARTMENT_COUNT=5,1,4,3,8,7 +
 677305.388  * DEPARTMENT_COUNT=1,4,3,8,7 +
-624497.7722 * DEPARTMENT_COUNT=4,3,8,7 +
 791758.7444 * DEPARTMENT_COUNT=3,8,7 +
 579443.8627 * DEPARTMENT_COUNT=7 +
 114366.6329 * BRAND +
 -13332.3183 * QUALITY +
    218.9889 * NOTORIETY +
 624031.5265 * VISITORS_COUNT=около 50,около 3 000,около 200,более 100,около 300,более 300 000,более 3 000 000,более 2 000 000,более 1 000 000,более 3 000,более 200,около 2 000,более 300,около 500,более 2 000,более 200 000,около 5 000,около 1 000,около 10 000,около 1 000 000,более 10 000,,около 500 000,более 20 000,около 50 000,более 30 000,более 100 000,около 5 000 000,более 1 000,около 100 000 +
 248678.0142 * VISITORS_COUNT=более 100,около 300,более 300 000,более 3 000 000,более 2 000 000,более 1 000 000,более 3 000,более 200,около 2 000,более 300,около 500,более 2 000,более 200 000,около 5 000,около 1 000,около 10 000,около 1 000 000,более 10 000,,около 500 000,более 20 000,около 50 000,более 30 000,более 100 000,около 5 000 000,более 1 000,около 100 000 +
 665900.4701 * VISITORS_COUNT=около 300,более 300 000,более 3 000 000,более 2 000 000,более 1 000 000,более 3 000,более 200,около 2 000,более 300,около 500,более 2 000,более 200 000,около 5 000,около 1 000,около 10 000,около 1 000 000,более 10 000,,около 500 000,более 20 000,около 50 000,более 30 000,более 100 000,около 5 000 000,более 1 000,около 100 000 +
 859706.1416 * VISITORS_COUNT=более 300 000,более 3 000 000,более 2 000 000,более 1 000 000,более 3 000,более 200,около 2 000,более 300,около 500,более 2 000,более 200 000,около 5 000,около 1 000,около 10 000,около 1 000 000,более 10 000,,около 500 000,более 20 000,около 50 000,более 30 000,более 100 000,около 5 000 000,более 1 000,около 100 000 +
-502343.5023 * VISITORS_COUNT=более 3 000 000,более 2 000 000,более 1 000 000,более 3 000,более 200,около 2 000,более 300,около 500,более 2 000,более 200 000,около 5 000,около 1 000,около 10 000,около 1 000 000,более 10 000,,около 500 000,более 20 000,около 50 000,более 30 000,более 100 000,около 5 000 000,более 1 000,около 100 000 +
 688774.7643 * VISITORS_COUNT=более 2 000 000,более 1 000 000,более 3 000,более 200,около 2 000,более 300,около 500,более 2 000,более 200 000,около 5 000,около 1 000,около 10 000,около 1 000 000,более 10 000,,около 500 000,более 20 000,около 50 000,более 30 000,более 100 000,около 5 000 000,более 1 000,около 100 000 +
 479734.18   * VISITORS_COUNT=более 1 000 000,более 3 000,более 200,около 2 000,более 300,около 500,более 2 000,более 200 000,около 5 000,около 1 000,около 10 000,около 1 000 000,более 10 000,,около 500 000,более 20 000,около 50 000,более 30 000,более 100 000,около 5 000 000,более 1 000,около 100 000 +
-751618.0396 * VISITORS_COUNT=более 3 000,более 200,около 2 000,более 300,около 500,более 2 000,более 200 000,около 5 000,около 1 000,около 10 000,около 1 000 000,более 10 000,,около 500 000,более 20 000,около 50 000,более 30 000,более 100 000,около 5 000 000,более 1 000,около 100 000 +
-641635.9662 * VISITORS_COUNT=более 200,около 2 000,более 300,около 500,более 2 000,более 200 000,около 5 000,около 1 000,около 10 000,около 1 000 000,более 10 000,,около 500 000,более 20 000,около 50 000,более 30 000,более 100 000,около 5 000 000,более 1 000,около 100 000 +
 555137.7596 * VISITORS_COUNT=около 2 000,более 300,около 500,более 2 000,более 200 000,около 5 000,около 1 000,около 10 000,около 1 000 000,более 10 000,,около 500 000,более 20 000,около 50 000,более 30 000,более 100 000,около 5 000 000,более 1 000,около 100 000 +
-525329.5539 * VISITORS_COUNT=более 300,около 500,более 2 000,более 200 000,около 5 000,около 1 000,около 10 000,около 1 000 000,более 10 000,,около 500 000,более 20 000,около 50 000,более 30 000,более 100 000,около 5 000 000,более 1 000,около 100 000 +
 317881.0493 * VISITORS_COUNT=около 500,более 2 000,более 200 000,около 5 000,около 1 000,около 10 000,около 1 000 000,более 10 000,,около 500 000,более 20 000,около 50 000,более 30 000,более 100 000,около 5 000 000,более 1 000,около 100 000 +
 197427.1101 * VISITORS_COUNT=более 2 000,более 200 000,около 5 000,около 1 000,около 10 000,около 1 000 000,более 10 000,,около 500 000,более 20 000,около 50 000,более 30 000,более 100 000,около 5 000 000,более 1 000,около 100 000 +
 351872.6902 * VISITORS_COUNT=более 200 000,около 5 000,около 1 000,около 10 000,около 1 000 000,более 10 000,,около 500 000,более 20 000,около 50 000,более 30 000,более 100 000,около 5 000 000,более 1 000,около 100 000 +
-147080.9944 * VISITORS_COUNT=около 5 000,около 1 000,около 10 000,около 1 000 000,более 10 000,,около 500 000,более 20 000,около 50 000,более 30 000,более 100 000,около 5 000 000,более 1 000,около 100 000 +
-130555.6425 * VISITORS_COUNT=около 1 000,около 10 000,около 1 000 000,более 10 000,,около 500 000,более 20 000,около 50 000,более 30 000,более 100 000,около 5 000 000,более 1 000,около 100 000 +
 201506.3917 * VISITORS_COUNT=около 10 000,около 1 000 000,более 10 000,,около 500 000,более 20 000,около 50 000,более 30 000,более 100 000,около 5 000 000,более 1 000,около 100 000 +
 494054.6936 * VISITORS_COUNT=около 1 000 000,более 10 000,,около 500 000,более 20 000,около 50 000,более 30 000,более 100 000,около 5 000 000,более 1 000,около 100 000 +
-215886.0603 * VISITORS_COUNT=более 10 000,,около 500 000,более 20 000,около 50 000,более 30 000,более 100 000,около 5 000 000,более 1 000,около 100 000 +
  69508.4809 * VISITORS_COUNT=,около 500 000,более 20 000,около 50 000,более 30 000,более 100 000,около 5 000 000,более 1 000,около 100 000 +
  69391.5818 * VISITORS_COUNT=около 500 000,более 20 000,около 50 000,более 30 000,более 100 000,около 5 000 000,более 1 000,около 100 000 +
-141068.6981 * VISITORS_COUNT=около 50 000,более 30 000,более 100 000,около 5 000 000,более 1 000,около 100 000 +
-159859.5982 * VISITORS_COUNT=более 30 000,более 100 000,около 5 000 000,более 1 000,около 100 000 +
 148779.0751 * VISITORS_COUNT=более 100 000,около 5 000 000,более 1 000,около 100 000 +
-432482.496  * VISITORS_COUNT=около 5 000 000,более 1 000,около 100 000 +
 319064.5007 * VISITORS_COUNT=более 1 000,около 100 000 +
 334935.6673 * VISITORS_COUNT=около 100 000 +
 512255.2484 * SERVICE_LEVEL=Нормальный,Высокий,Низкий,Элитный,Очень высокий +
-234142.5035 * SERVICE_LEVEL=Низкий,Элитный,Очень высокий +
 726627.205  * SERVICE_LEVEL=Элитный,Очень высокий +
-121285.1094 * SERVICE_LEVEL=Очень высокий +
-455448.3016 * SELLER_COUNT=17,15,14,7,5,18,6,19,4,8,3,2,11,10,1,31,32,26,29,33,30,28,24,0,27,25,21,9,22,12,20,23,13 +
 720422.1883 * SELLER_COUNT=15,14,7,5,18,6,19,4,8,3,2,11,10,1,31,32,26,29,33,30,28,24,0,27,25,21,9,22,12,20,23,13 +
-311343.084  * SELLER_COUNT=14,7,5,18,6,19,4,8,3,2,11,10,1,31,32,26,29,33,30,28,24,0,27,25,21,9,22,12,20,23,13 +
 -78877.7795 * SELLER_COUNT=5,18,6,19,4,8,3,2,11,10,1,31,32,26,29,33,30,28,24,0,27,25,21,9,22,12,20,23,13 +
-311375.7089 * SELLER_COUNT=18,6,19,4,8,3,2,11,10,1,31,32,26,29,33,30,28,24,0,27,25,21,9,22,12,20,23,13 +
