
Linear Regression Model

PRICE =

     20.2285 * WEALTH_INDEX +
     21.4968 * EDUCATION_INDEX +
      1.1155 * AVERAGE_SALARY +
    -56.6299 * MARKET_INDEX=D,C,B,A,AAA,AA +
    258.5166 * MARKET_INDEX=C,B,A,AAA,AA +
   -235.6892 * MARKET_INDEX=B,A,AAA,AA +
    372.0546 * MARKET_INDEX=A,AAA,AA +
    639.5003 * MARKET_INDEX=AAA,AA +
     -0.0022 * MARKET_VOLUME +
     13.0508 * LOCAL_PERCENT +
      0.3074 * LOCAL_PRICE +
    -55.1615 * LOCAL_QUALITY +
   -577.3634 * SHOP_SIZE=500,10000,3,2,5,4,1,1000,100000 +
   -371.0305 * SHOP_SIZE=10000,3,2,5,4,1,1000,100000 +
     46.6777 * SHOP_SIZE=3,2,5,4,1,1000,100000 +
     45.9684 * SHOP_SIZE=2,5,4,1,1000,100000 +
     45.9302 * SHOP_SIZE=5,4,1,1000,100000 +
     45.5916 * SHOP_SIZE=4,1,1000,100000 +
     47.4949 * SHOP_SIZE=1,1000,100000 +
     46.4131 * SHOP_SIZE=1000,100000 +
   -855.7097 * SHOP_SIZE=100000 +
   -232.0819 * TOWN_DISTRICT=Спальный район,Окраина,Центр города,,Фешенебельный район +
     94.3656 * TOWN_DISTRICT=Окраина,Центр города,,Фешенебельный район +
   -292.3305 * TOWN_DISTRICT=Центр города,,Фешенебельный район +
    649.8125 * TOWN_DISTRICT=,Фешенебельный район +
    652.0326 * TOWN_DISTRICT=Фешенебельный район +
    530.8869 * DEPARTMENT_COUNT=7,5,9,6,3,2,10,4,1 +
    453.6519 * DEPARTMENT_COUNT=5,9,6,3,2,10,4,1 +
    -62.1945 * DEPARTMENT_COUNT=9,6,3,2,10,4,1 +
    169.6113 * DEPARTMENT_COUNT=3,2,10,4,1 +
     38.506  * DEPARTMENT_COUNT=2,10,4,1 +
    458.8072 * DEPARTMENT_COUNT=10,4,1 +
   -379.1714 * DEPARTMENT_COUNT=4,1 +
    327.8294 * DEPARTMENT_COUNT=1 +
    105.5403 * BRAND +
     44.4124 * QUALITY +
      0.7719 * NOTORIETY +
   -277.7885 * VISITORS_COUNT=около 100,около 200 000,около 200,менее 50,около 3 000,более 200,около 30 000,около 50,более 3 000,более 2 000,более 20 000,около 500,более 10 000,около 300,более 300,около 50 000,более 30 000,около 5 000,около 1 000,,около 10 000,около 1 000 000,около 100 000,более 1 000 000,более 1 000,более 2 000 000,более 100 000,около 500 000,более 200 000,более 300 000,более 3 000 000,около 5 000 000 +
   1810.9538 * VISITORS_COUNT=около 200 000,около 200,менее 50,около 3 000,более 200,около 30 000,около 50,более 3 000,более 2 000,более 20 000,около 500,более 10 000,около 300,более 300,около 50 000,более 30 000,около 5 000,около 1 000,,около 10 000,около 1 000 000,около 100 000,более 1 000 000,более 1 000,более 2 000 000,более 100 000,около 500 000,более 200 000,более 300 000,более 3 000 000,около 5 000 000 +
  -1633.149  * VISITORS_COUNT=около 200,менее 50,около 3 000,более 200,около 30 000,около 50,более 3 000,более 2 000,более 20 000,около 500,более 10 000,около 300,более 300,около 50 000,более 30 000,около 5 000,около 1 000,,около 10 000,около 1 000 000,около 100 000,более 1 000 000,более 1 000,более 2 000 000,более 100 000,около 500 000,более 200 000,более 300 000,более 3 000 000,около 5 000 000 +
  -1132.7999 * VISITORS_COUNT=менее 50,около 3 000,более 200,около 30 000,около 50,более 3 000,более 2 000,более 20 000,около 500,более 10 000,около 300,более 300,около 50 000,более 30 000,около 5 000,около 1 000,,около 10 000,около 1 000 000,около 100 000,более 1 000 000,более 1 000,более 2 000 000,более 100 000,около 500 000,более 200 000,более 300 000,более 3 000 000,около 5 000 000 +
   2238.0146 * VISITORS_COUNT=около 3 000,более 200,около 30 000,около 50,более 3 000,более 2 000,более 20 000,около 500,более 10 000,около 300,более 300,около 50 000,более 30 000,около 5 000,около 1 000,,около 10 000,около 1 000 000,около 100 000,более 1 000 000,более 1 000,более 2 000 000,более 100 000,около 500 000,более 200 000,более 300 000,более 3 000 000,около 5 000 000 +
   -898.4017 * VISITORS_COUNT=более 200,около 30 000,около 50,более 3 000,более 2 000,более 20 000,около 500,более 10 000,около 300,более 300,около 50 000,более 30 000,около 5 000,около 1 000,,около 10 000,около 1 000 000,около 100 000,более 1 000 000,более 1 000,более 2 000 000,более 100 000,около 500 000,более 200 000,более 300 000,более 3 000 000,около 5 000 000 +
   -478.7058 * VISITORS_COUNT=около 30 000,около 50,более 3 000,более 2 000,более 20 000,около 500,более 10 000,около 300,более 300,около 50 000,более 30 000,около 5 000,около 1 000,,около 10 000,около 1 000 000,около 100 000,более 1 000 000,более 1 000,более 2 000 000,более 100 000,около 500 000,более 200 000,более 300 000,более 3 000 000,около 5 000 000 +
   -204.3245 * VISITORS_COUNT=около 50,более 3 000,более 2 000,более 20 000,около 500,более 10 000,около 300,более 300,около 50 000,более 30 000,около 5 000,около 1 000,,около 10 000,около 1 000 000,около 100 000,более 1 000 000,более 1 000,более 2 000 000,более 100 000,около 500 000,более 200 000,более 300 000,более 3 000 000,около 5 000 000 +
   1216.749  * VISITORS_COUNT=более 3 000,более 2 000,более 20 000,около 500,более 10 000,около 300,более 300,около 50 000,более 30 000,около 5 000,около 1 000,,около 10 000,около 1 000 000,около 100 000,более 1 000 000,более 1 000,более 2 000 000,более 100 000,около 500 000,более 200 000,более 300 000,более 3 000 000,около 5 000 000 +
    103.9843 * VISITORS_COUNT=более 2 000,более 20 000,около 500,более 10 000,около 300,более 300,около 50 000,более 30 000,около 5 000,около 1 000,,около 10 000,около 1 000 000,около 100 000,более 1 000 000,более 1 000,более 2 000 000,более 100 000,около 500 000,более 200 000,более 300 000,более 3 000 000,около 5 000 000 +
    332.7349 * VISITORS_COUNT=более 20 000,около 500,более 10 000,около 300,более 300,около 50 000,более 30 000,около 5 000,около 1 000,,около 10 000,около 1 000 000,около 100 000,более 1 000 000,более 1 000,более 2 000 000,более 100 000,около 500 000,более 200 000,более 300 000,более 3 000 000,около 5 000 000 +
   -579.3217 * VISITORS_COUNT=около 500,более 10 000,около 300,более 300,около 50 000,более 30 000,около 5 000,около 1 000,,около 10 000,около 1 000 000,около 100 000,более 1 000 000,более 1 000,более 2 000 000,более 100 000,около 500 000,более 200 000,более 300 000,более 3 000 000,около 5 000 000 +
    722.3574 * VISITORS_COUNT=более 10 000,около 300,более 300,около 50 000,более 30 000,около 5 000,около 1 000,,около 10 000,около 1 000 000,около 100 000,более 1 000 000,более 1 000,более 2 000 000,более 100 000,около 500 000,более 200 000,более 300 000,более 3 000 000,около 5 000 000 +
  -1813.8551 * VISITORS_COUNT=около 300,более 300,около 50 000,более 30 000,около 5 000,около 1 000,,около 10 000,около 1 000 000,около 100 000,более 1 000 000,более 1 000,более 2 000 000,более 100 000,около 500 000,более 200 000,более 300 000,более 3 000 000,около 5 000 000 +
    711.8609 * VISITORS_COUNT=более 300,около 50 000,более 30 000,около 5 000,около 1 000,,около 10 000,около 1 000 000,около 100 000,более 1 000 000,более 1 000,более 2 000 000,более 100 000,около 500 000,более 200 000,более 300 000,более 3 000 000,около 5 000 000 +
   1163.4589 * VISITORS_COUNT=около 50 000,более 30 000,около 5 000,около 1 000,,около 10 000,около 1 000 000,около 100 000,более 1 000 000,более 1 000,более 2 000 000,более 100 000,около 500 000,более 200 000,более 300 000,более 3 000 000,около 5 000 000 +
     40.8387 * VISITORS_COUNT=более 30 000,около 5 000,около 1 000,,около 10 000,около 1 000 000,около 100 000,более 1 000 000,более 1 000,более 2 000 000,более 100 000,около 500 000,более 200 000,более 300 000,более 3 000 000,около 5 000 000 +
   -218.3668 * VISITORS_COUNT=около 5 000,около 1 000,,около 10 000,около 1 000 000,около 100 000,более 1 000 000,более 1 000,более 2 000 000,более 100 000,около 500 000,более 200 000,более 300 000,более 3 000 000,около 5 000 000 +
   -351.3127 * VISITORS_COUNT=около 1 000,,около 10 000,около 1 000 000,около 100 000,более 1 000 000,более 1 000,более 2 000 000,более 100 000,около 500 000,более 200 000,более 300 000,более 3 000 000,около 5 000 000 +
