
Linear Regression Model

PRICE =

      0.2347 * WEALTH_INDEX +
     -7.3582 * EDUCATION_INDEX +
      0.0829 * AVERAGE_SALARY +
    -21.3307 * MARKET_INDEX=E,,C,B,A,AAA,AA +
     30.9353 * MARKET_INDEX=,C,B,A,AAA,AA +
     30.8773 * MARKET_INDEX=C,B,A,AAA,AA +
     93.2455 * MARKET_INDEX=B,A,AAA,AA +
     32.6934 * MARKET_INDEX=A,AAA,AA +
    -52.4275 * MARKET_INDEX=AAA,AA +
    279.1058 * MARKET_INDEX=AA +
      0      * MARKET_VOLUME +
      1.4859 * LOCAL_PERCENT +
      1.0495 * LOCAL_PRICE +
     -4.504  * LOCAL_QUALITY +
     14.2531 * SHOP_SIZE=500,10000,1000,3,2,5,4,1,100000 +
     27.319  * SHOP_SIZE=10000,1000,3,2,5,4,1,100000 +
      2.5722 * SHOP_SIZE=3,2,5,4,1,100000 +
    -51.9643 * TOWN_DISTRICT=Пригород,Окраина,,Центр города,Фешенебельный район +
     38.6906 * TOWN_DISTRICT=Окраина,,Центр города,Фешенебельный район +
      6.2494 * TOWN_DISTRICT=,Центр города,Фешенебельный район +
      6.213  * TOWN_DISTRICT=Центр города,Фешенебельный район +
    -71.9262 * TOWN_DISTRICT=Фешенебельный район +
    -16.3436 * DEPARTMENT_COUNT=7,4,3,2,8,9,5,1 +
     27.1581 * DEPARTMENT_COUNT=4,3,2,8,9,5,1 +
    -14.2187 * DEPARTMENT_COUNT=3,2,8,9,5,1 +
      3.3156 * DEPARTMENT_COUNT=2,8,9,5,1 +
     -5.5778 * DEPARTMENT_COUNT=8,9,5,1 +
     32.8127 * DEPARTMENT_COUNT=9,5,1 +
    -34.0248 * DEPARTMENT_COUNT=5,1 +
     44.9116 * DEPARTMENT_COUNT=1 +
      3.201  * BRAND +
     16.0591 * QUALITY +
      0.1639 * NOTORIETY +
   -186.3169 * VISITORS_COUNT=около 5 000 000,около 100,около 50,более 100,около 2 000,более 200,около 200,более 300,около 500,более 2 000,около 3 000,около 10 000,более 3 000,около 1 000,около 300,более 10 000,более 1 000,около 50 000,около 5 000,более 30 000,около 30 000,более 3 000 000,около 100 000,более 20 000,,более 100 000,более 2 000 000,более 200 000,около 1 000 000,более 1 000 000,около 500 000,более 300 000 +
    137.1207 * VISITORS_COUNT=около 100,около 50,более 100,около 2 000,более 200,около 200,более 300,около 500,более 2 000,около 3 000,около 10 000,более 3 000,около 1 000,около 300,более 10 000,более 1 000,около 50 000,около 5 000,более 30 000,около 30 000,более 3 000 000,около 100 000,более 20 000,,более 100 000,более 2 000 000,более 200 000,около 1 000 000,более 1 000 000,около 500 000,более 300 000 +
     22.0875 * VISITORS_COUNT=около 50,более 100,около 2 000,более 200,около 200,более 300,около 500,более 2 000,около 3 000,около 10 000,более 3 000,около 1 000,около 300,более 10 000,более 1 000,около 50 000,около 5 000,более 30 000,около 30 000,более 3 000 000,около 100 000,более 20 000,,более 100 000,более 2 000 000,более 200 000,около 1 000 000,более 1 000 000,около 500 000,более 300 000 +
    -24.384  * VISITORS_COUNT=более 100,около 2 000,более 200,около 200,более 300,около 500,более 2 000,около 3 000,около 10 000,более 3 000,около 1 000,около 300,более 10 000,более 1 000,около 50 000,около 5 000,более 30 000,около 30 000,более 3 000 000,около 100 000,более 20 000,,более 100 000,более 2 000 000,более 200 000,около 1 000 000,более 1 000 000,около 500 000,более 300 000 +
   -101.5021 * VISITORS_COUNT=около 2 000,более 200,около 200,более 300,около 500,более 2 000,около 3 000,около 10 000,более 3 000,около 1 000,около 300,более 10 000,более 1 000,около 50 000,около 5 000,более 30 000,около 30 000,более 3 000 000,около 100 000,более 20 000,,более 100 000,более 2 000 000,более 200 000,около 1 000 000,более 1 000 000,около 500 000,более 300 000 +
     69.3662 * VISITORS_COUNT=более 200,около 200,более 300,около 500,более 2 000,около 3 000,около 10 000,более 3 000,около 1 000,около 300,более 10 000,более 1 000,около 50 000,около 5 000,более 30 000,около 30 000,более 3 000 000,около 100 000,более 20 000,,более 100 000,более 2 000 000,более 200 000,около 1 000 000,более 1 000 000,около 500 000,более 300 000 +
     31.2057 * VISITORS_COUNT=около 200,более 300,около 500,более 2 000,около 3 000,около 10 000,более 3 000,около 1 000,около 300,более 10 000,более 1 000,около 50 000,около 5 000,более 30 000,около 30 000,более 3 000 000,около 100 000,более 20 000,,более 100 000,более 2 000 000,более 200 000,около 1 000 000,более 1 000 000,около 500 000,более 300 000 +
    -27.3487 * VISITORS_COUNT=более 300,около 500,более 2 000,около 3 000,около 10 000,более 3 000,около 1 000,около 300,более 10 000,более 1 000,около 50 000,около 5 000,более 30 000,около 30 000,более 3 000 000,около 100 000,более 20 000,,более 100 000,более 2 000 000,более 200 000,около 1 000 000,более 1 000 000,около 500 000,более 300 000 +
    -11.9124 * VISITORS_COUNT=около 500,более 2 000,около 3 000,около 10 000,более 3 000,около 1 000,около 300,более 10 000,более 1 000,около 50 000,около 5 000,более 30 000,около 30 000,более 3 000 000,около 100 000,более 20 000,,более 100 000,более 2 000 000,более 200 000,около 1 000 000,более 1 000 000,около 500 000,более 300 000 +
    -17.747  * VISITORS_COUNT=более 2 000,около 3 000,около 10 000,более 3 000,около 1 000,около 300,более 10 000,более 1 000,около 50 000,около 5 000,более 30 000,около 30 000,более 3 000 000,около 100 000,более 20 000,,более 100 000,более 2 000 000,более 200 000,около 1 000 000,более 1 000 000,около 500 000,более 300 000 +
      9.0404 * VISITORS_COUNT=около 3 000,около 10 000,более 3 000,около 1 000,около 300,более 10 000,более 1 000,около 50 000,около 5 000,более 30 000,около 30 000,более 3 000 000,около 100 000,более 20 000,,более 100 000,более 2 000 000,более 200 000,около 1 000 000,более 1 000 000,около 500 000,более 300 000 +
     -6.0985 * VISITORS_COUNT=около 10 000,более 3 000,около 1 000,около 300,более 10 000,более 1 000,около 50 000,около 5 000,более 30 000,около 30 000,более 3 000 000,около 100 000,более 20 000,,более 100 000,более 2 000 000,более 200 000,около 1 000 000,более 1 000 000,около 500 000,более 300 000 +
     -7.0409 * VISITORS_COUNT=более 3 000,около 1 000,около 300,более 10 000,более 1 000,около 50 000,около 5 000,более 30 000,около 30 000,более 3 000 000,около 100 000,более 20 000,,более 100 000,более 2 000 000,более 200 000,около 1 000 000,более 1 000 000,около 500 000,более 300 000 +
     39.5056 * VISITORS_COUNT=около 1 000,около 300,более 10 000,более 1 000,около 50 000,около 5 000,более 30 000,около 30 000,более 3 000 000,около 100 000,более 20 000,,более 100 000,более 2 000 000,более 200 000,около 1 000 000,более 1 000 000,около 500 000,более 300 000 +
     14.5624 * VISITORS_COUNT=около 300,более 10 000,более 1 000,около 50 000,около 5 000,более 30 000,около 30 000,более 3 000 000,около 100 000,более 20 000,,более 100 000,более 2 000 000,более 200 000,около 1 000 000,более 1 000 000,около 500 000,более 300 000 +
    -50.7117 * VISITORS_COUNT=более 10 000,более 1 000,около 50 000,около 5 000,более 30 000,около 30 000,более 3 000 000,около 100 000,более 20 000,,более 100 000,более 2 000 000,более 200 000,около 1 000 000,более 1 000 000,около 500 000,более 300 000 +
     20.1945 * VISITORS_COUNT=более 1 000,около 50 000,около 5 000,более 30 000,около 30 000,более 3 000 000,около 100 000,более 20 000,,более 100 000,более 2 000 000,более 200 000,около 1 000 000,более 1 000 000,около 500 000,более 300 000 +
     -9.827  * VISITORS_COUNT=около 50 000,около 5 000,более 30 000,около 30 000,более 3 000 000,около 100 000,более 20 000,,более 100 000,более 2 000 000,более 200 000,около 1 000 000,более 1 000 000,около 500 000,более 300 000 +
     -8.9611 * VISITORS_COUNT=около 5 000,более 30 000,около 30 000,более 3 000 000,около 100 000,более 20 000,,более 100 000,более 2 000 000,более 200 000,около 1 000 000,более 1 000 000,около 500 000,более 300 000 +
     21.5816 * VISITORS_COUNT=более 30 000,около 30 000,более 3 000 000,около 100 000,более 20 000,,более 100 000,более 2 000 000,более 200 000,около 1 000 000,более 1 000 000,около 500 000,более 300 000 +
