
Linear Regression Model

PRICE =

      2.0429 * WEALTH_INDEX +
     -6.3121 * EDUCATION_INDEX +
      0.2768 * AVERAGE_SALARY +
    239.6903 * MARKET_INDEX=D,C,B,A,AA,AAA +
    339.0724 * MARKET_INDEX=C,B,A,AA,AAA +
   -144.1391 * MARKET_INDEX=B,A,AA,AAA +
    157.5563 * MARKET_INDEX=A,AA,AAA +
    652.4264 * MARKET_INDEX=AA,AAA +
   -130.1957 * MARKET_INDEX=AAA +
      0.0001 * MARKET_VOLUME +
      6.2559 * LOCAL_PERCENT +
      0.426  * LOCAL_PRICE +
    -21.9371 * LOCAL_QUALITY +
   -230.4218 * SHOP_SIZE=500,10000,1000,3,2,5,4,1,100000 +
   -261.8193 * SHOP_SIZE=10000,1000,3,2,5,4,1,100000 +
    227.9233 * SHOP_SIZE=1000,3,2,5,4,1,100000 +
    -49.0912 * SHOP_SIZE=3,2,5,4,1,100000 +
    -49.631  * SHOP_SIZE=2,5,4,1,100000 +
    -48.9814 * SHOP_SIZE=5,4,1,100000 +
    -49.3015 * SHOP_SIZE=4,1,100000 +
    -49.5646 * SHOP_SIZE=1,100000 +
    -49.9275 * SHOP_SIZE=100000 +
    114.2786 * TOWN_DISTRICT=Окраина,Спальный район,,Центр города,Фешенебельный район +
     29.7119 * TOWN_DISTRICT=,Центр города,Фешенебельный район +
     29.7521 * TOWN_DISTRICT=Центр города,Фешенебельный район +
    119.4368 * TOWN_DISTRICT=Фешенебельный район +
    253.772  * DEPARTMENT_COUNT=6,4,5,7,10,9,2,3,1 +
     93.2614 * DEPARTMENT_COUNT=4,5,7,10,9,2,3,1 +
   -103.2582 * DEPARTMENT_COUNT=5,7,10,9,2,3,1 +
    -26.455  * DEPARTMENT_COUNT=7,10,9,2,3,1 +
    307.5048 * DEPARTMENT_COUNT=10,9,2,3,1 +
   -195.9389 * DEPARTMENT_COUNT=9,2,3,1 +
     10.4958 * DEPARTMENT_COUNT=2,3,1 +
     59.731  * DEPARTMENT_COUNT=3,1 +
    -64.7211 * DEPARTMENT_COUNT=1 +
     47.5287 * BRAND +
     11.438  * QUALITY +
      0.3908 * NOTORIETY +
    -52.3586 * VISITORS_COUNT=менее 50,около 100,около 2 000,более 100,более 300,около 3 000,около 500,около 200,более 200,более 3 000,около 10 000,более 2 000,около 300,около 5 000,около 1 000,более 20 000,более 10 000,более 3 000 000,более 1 000,около 30 000,,более 30 000,около 50 000,более 100 000,около 100 000,более 1 000 000,более 200 000,более 2 000 000,около 1 000 000,более 300 000,около 500 000,около 5 000 000,около 20 000 +
    147.1032 * VISITORS_COUNT=около 100,около 2 000,более 100,более 300,около 3 000,около 500,около 200,более 200,более 3 000,около 10 000,более 2 000,около 300,около 5 000,около 1 000,более 20 000,более 10 000,более 3 000 000,более 1 000,около 30 000,,более 30 000,около 50 000,более 100 000,около 100 000,более 1 000 000,более 200 000,более 2 000 000,около 1 000 000,более 300 000,около 500 000,около 5 000 000,около 20 000 +
    -38.8168 * VISITORS_COUNT=около 2 000,более 100,более 300,около 3 000,около 500,около 200,более 200,более 3 000,около 10 000,более 2 000,около 300,около 5 000,около 1 000,более 20 000,более 10 000,более 3 000 000,более 1 000,около 30 000,,более 30 000,около 50 000,более 100 000,около 100 000,более 1 000 000,более 200 000,более 2 000 000,около 1 000 000,более 300 000,около 500 000,около 5 000 000,около 20 000 +
    116.6992 * VISITORS_COUNT=более 100,более 300,около 3 000,около 500,около 200,более 200,более 3 000,около 10 000,более 2 000,около 300,около 5 000,около 1 000,более 20 000,более 10 000,более 3 000 000,более 1 000,около 30 000,,более 30 000,около 50 000,более 100 000,около 100 000,более 1 000 000,более 200 000,более 2 000 000,около 1 000 000,более 300 000,около 500 000,около 5 000 000,около 20 000 +
    182.4482 * VISITORS_COUNT=около 3 000,около 500,около 200,более 200,более 3 000,около 10 000,более 2 000,около 300,около 5 000,около 1 000,более 20 000,более 10 000,более 3 000 000,более 1 000,около 30 000,,более 30 000,около 50 000,более 100 000,около 100 000,более 1 000 000,более 200 000,более 2 000 000,около 1 000 000,более 300 000,около 500 000,около 5 000 000,около 20 000 +
   -117.4995 * VISITORS_COUNT=около 500,около 200,более 200,более 3 000,около 10 000,более 2 000,около 300,около 5 000,около 1 000,более 20 000,более 10 000,более 3 000 000,более 1 000,около 30 000,,более 30 000,около 50 000,более 100 000,около 100 000,более 1 000 000,более 200 000,более 2 000 000,около 1 000 000,более 300 000,около 500 000,около 5 000 000,около 20 000 +
    -31.5164 * VISITORS_COUNT=около 200,более 200,более 3 000,около 10 000,более 2 000,около 300,около 5 000,около 1 000,более 20 000,более 10 000,более 3 000 000,более 1 000,около 30 000,,более 30 000,около 50 000,более 100 000,около 100 000,более 1 000 000,более 200 000,более 2 000 000,около 1 000 000,более 300 000,около 500 000,около 5 000 000,около 20 000 +
    -12.7703 * VISITORS_COUNT=более 200,более 3 000,около 10 000,более 2 000,около 300,около 5 000,около 1 000,более 20 000,более 10 000,более 3 000 000,более 1 000,около 30 000,,более 30 000,около 50 000,более 100 000,около 100 000,более 1 000 000,более 200 000,более 2 000 000,около 1 000 000,более 300 000,около 500 000,около 5 000 000,около 20 000 +
    201.6931 * VISITORS_COUNT=более 3 000,около 10 000,более 2 000,около 300,около 5 000,около 1 000,более 20 000,более 10 000,более 3 000 000,более 1 000,около 30 000,,более 30 000,около 50 000,более 100 000,около 100 000,более 1 000 000,более 200 000,более 2 000 000,около 1 000 000,более 300 000,около 500 000,около 5 000 000,около 20 000 +
     51.122  * VISITORS_COUNT=около 10 000,более 2 000,около 300,около 5 000,около 1 000,более 20 000,более 10 000,более 3 000 000,более 1 000,около 30 000,,более 30 000,около 50 000,более 100 000,около 100 000,более 1 000 000,более 200 000,более 2 000 000,около 1 000 000,более 300 000,около 500 000,около 5 000 000,около 20 000 +
    -80.5739 * VISITORS_COUNT=более 2 000,около 300,около 5 000,около 1 000,более 20 000,более 10 000,более 3 000 000,более 1 000,около 30 000,,более 30 000,около 50 000,более 100 000,около 100 000,более 1 000 000,более 200 000,более 2 000 000,около 1 000 000,более 300 000,около 500 000,около 5 000 000,около 20 000 +
    -32.7596 * VISITORS_COUNT=около 300,около 5 000,около 1 000,более 20 000,более 10 000,более 3 000 000,более 1 000,около 30 000,,более 30 000,около 50 000,более 100 000,около 100 000,более 1 000 000,более 200 000,более 2 000 000,около 1 000 000,более 300 000,около 500 000,около 5 000 000,около 20 000 +
     92.9005 * VISITORS_COUNT=около 5 000,около 1 000,более 20 000,более 10 000,более 3 000 000,более 1 000,около 30 000,,более 30 000,около 50 000,более 100 000,около 100 000,более 1 000 000,более 200 000,более 2 000 000,около 1 000 000,более 300 000,около 500 000,около 5 000 000,около 20 000 +
    -51.1503 * VISITORS_COUNT=около 1 000,более 20 000,более 10 000,более 3 000 000,более 1 000,около 30 000,,более 30 000,около 50 000,более 100 000,около 100 000,более 1 000 000,более 200 000,более 2 000 000,около 1 000 000,более 300 000,около 500 000,около 5 000 000,около 20 000 +
    202.5298 * VISITORS_COUNT=более 20 000,более 10 000,более 3 000 000,более 1 000,около 30 000,,более 30 000,около 50 000,более 100 000,около 100 000,более 1 000 000,более 200 000,более 2 000 000,около 1 000 000,более 300 000,около 500 000,около 5 000 000,около 20 000 +
    -13.7297 * VISITORS_COUNT=более 10 000,более 3 000 000,более 1 000,около 30 000,,более 30 000,около 50 000,более 100 000,около 100 000,более 1 000 000,более 200 000,более 2 000 000,около 1 000 000,более 300 000,около 500 000,около 5 000 000,около 20 000 +
    324.6843 * VISITORS_COUNT=более 3 000 000,более 1 000,около 30 000,,более 30 000,около 50 000,более 100 000,около 100 000,более 1 000 000,более 200 000,более 2 000 000,около 1 000 000,более 300 000,около 500 000,около 5 000 000,около 20 000 +
   -512.068  * VISITORS_COUNT=более 1 000,около 30 000,,более 30 000,около 50 000,более 100 000,около 100 000,более 1 000 000,более 200 000,более 2 000 000,около 1 000 000,более 300 000,около 500 000,около 5 000 000,около 20 000 +
    294.8158 * VISITORS_COUNT=около 30 000,,более 30 000,около 50 000,более 100 000,около 100 000,более 1 000 000,более 200 000,более 2 000 000,около 1 000 000,более 300 000,около 500 000,около 5 000 000,около 20 000 +
