
Linear Regression Model

PRICE =

      2.4557 * WEALTH_INDEX +
     -1.176  * EDUCATION_INDEX +
      0.0301 * AVERAGE_SALARY +
    -20.3822 * MARKET_INDEX=E,,C,AAA,B,AA,A +
     24.1937 * MARKET_INDEX=,C,AAA,B,AA,A +
     23.953  * MARKET_INDEX=C,AAA,B,AA,A +
     57.0572 * MARKET_INDEX=AAA,B,AA,A +
     42.4798 * MARKET_INDEX=B,AA,A +
   -145.8134 * MARKET_INDEX=AA,A +
    148.475  * MARKET_INDEX=A +
      0      * MARKET_VOLUME +
      2.182  * LOCAL_PERCENT +
      0.8062 * LOCAL_PRICE +
    -13.4838 * LOCAL_QUALITY +
    -76.637  * SHOP_SIZE=500,10000,3,2,5,4,1,1000,100000 +
    -74.3785 * SHOP_SIZE=10000,3,2,5,4,1,1000,100000 +
      7.5559 * SHOP_SIZE=3,2,5,4,1,1000,100000 +
      7.4822 * SHOP_SIZE=2,5,4,1,1000,100000 +
      7.4275 * SHOP_SIZE=5,4,1,1000,100000 +
      7.3441 * SHOP_SIZE=4,1,1000,100000 +
      7.5058 * SHOP_SIZE=1,1000,100000 +
      7.5233 * SHOP_SIZE=1000,100000 +
    -36.9229 * SHOP_SIZE=100000 +
    -31.0193 * TOWN_DISTRICT=Окраина,Спальный район,Центр города,,Фешенебельный район +
     18.2639 * TOWN_DISTRICT=Спальный район,Центр города,,Фешенебельный район +
     53.2981 * TOWN_DISTRICT=Центр города,,Фешенебельный район +
     23.0232 * TOWN_DISTRICT=,Фешенебельный район +
     23.0292 * TOWN_DISTRICT=Фешенебельный район +
    -25.8656 * DEPARTMENT_COUNT=8,4,6,3,2,5,10,9,1 +
     62.0276 * DEPARTMENT_COUNT=4,6,3,2,5,10,9,1 +
    -42.2587 * DEPARTMENT_COUNT=6,3,2,5,10,9,1 +
     41.8909 * DEPARTMENT_COUNT=3,2,5,10,9,1 +
    -27.8944 * DEPARTMENT_COUNT=2,5,10,9,1 +
     -9.1711 * DEPARTMENT_COUNT=5,10,9,1 +
     83.6888 * DEPARTMENT_COUNT=10,9,1 +
    -10.0176 * DEPARTMENT_COUNT=9,1 +
    -35.0189 * DEPARTMENT_COUNT=1 +
    -11.872  * BRAND +
      5.0682 * QUALITY +
      0.3539 * NOTORIETY +
   -152.267  * VISITORS_COUNT=около 200 000,около 50,менее 50,около 2 000,более 200,около 200,около 3 000,более 3 000 000,около 500,более 3 000,около 10 000,более 2 000,около 5 000,около 5 000 000,более 10 000,более 300,,более 20 000,около 100 000,около 50 000,около 1 000,более 1 000,более 30 000,около 1 000 000,более 200 000,более 100 000,около 30 000,более 2 000 000,более 300 000,более 1 000 000,около 300,около 500 000,около 20 000 +
    164.2754 * VISITORS_COUNT=около 50,менее 50,около 2 000,более 200,около 200,около 3 000,более 3 000 000,около 500,более 3 000,около 10 000,более 2 000,около 5 000,около 5 000 000,более 10 000,более 300,,более 20 000,около 100 000,около 50 000,около 1 000,более 1 000,более 30 000,около 1 000 000,более 200 000,более 100 000,около 30 000,более 2 000 000,более 300 000,более 1 000 000,около 300,около 500 000,около 20 000 +
     84.7391 * VISITORS_COUNT=около 2 000,более 200,около 200,около 3 000,более 3 000 000,около 500,более 3 000,около 10 000,более 2 000,около 5 000,около 5 000 000,более 10 000,более 300,,более 20 000,около 100 000,около 50 000,около 1 000,более 1 000,более 30 000,около 1 000 000,более 200 000,более 100 000,около 30 000,более 2 000 000,более 300 000,более 1 000 000,около 300,около 500 000,около 20 000 +
   -125.4085 * VISITORS_COUNT=более 200,около 200,около 3 000,более 3 000 000,около 500,более 3 000,около 10 000,более 2 000,около 5 000,около 5 000 000,более 10 000,более 300,,более 20 000,около 100 000,около 50 000,около 1 000,более 1 000,более 30 000,около 1 000 000,более 200 000,более 100 000,около 30 000,более 2 000 000,более 300 000,более 1 000 000,около 300,около 500 000,около 20 000 +
    139.5885 * VISITORS_COUNT=около 200,около 3 000,более 3 000 000,около 500,более 3 000,около 10 000,более 2 000,около 5 000,около 5 000 000,более 10 000,более 300,,более 20 000,около 100 000,около 50 000,около 1 000,более 1 000,более 30 000,около 1 000 000,более 200 000,более 100 000,около 30 000,более 2 000 000,более 300 000,более 1 000 000,около 300,около 500 000,около 20 000 +
   -130.252  * VISITORS_COUNT=около 3 000,более 3 000 000,около 500,более 3 000,около 10 000,более 2 000,около 5 000,около 5 000 000,более 10 000,более 300,,более 20 000,около 100 000,около 50 000,около 1 000,более 1 000,более 30 000,около 1 000 000,более 200 000,более 100 000,около 30 000,более 2 000 000,более 300 000,более 1 000 000,около 300,около 500 000,около 20 000 +
     -9.2635 * VISITORS_COUNT=более 3 000 000,около 500,более 3 000,около 10 000,более 2 000,около 5 000,около 5 000 000,более 10 000,более 300,,более 20 000,около 100 000,около 50 000,около 1 000,более 1 000,более 30 000,около 1 000 000,более 200 000,более 100 000,около 30 000,более 2 000 000,более 300 000,более 1 000 000,около 300,около 500 000,около 20 000 +
     81.3612 * VISITORS_COUNT=около 500,более 3 000,около 10 000,более 2 000,около 5 000,около 5 000 000,более 10 000,более 300,,более 20 000,около 100 000,около 50 000,около 1 000,более 1 000,более 30 000,около 1 000 000,более 200 000,более 100 000,около 30 000,более 2 000 000,более 300 000,более 1 000 000,около 300,около 500 000,около 20 000 +
     32.5286 * VISITORS_COUNT=более 3 000,около 10 000,более 2 000,около 5 000,около 5 000 000,более 10 000,более 300,,более 20 000,около 100 000,около 50 000,около 1 000,более 1 000,более 30 000,около 1 000 000,более 200 000,более 100 000,около 30 000,более 2 000 000,более 300 000,более 1 000 000,около 300,около 500 000,около 20 000 +
     37.1645 * VISITORS_COUNT=около 10 000,более 2 000,около 5 000,около 5 000 000,более 10 000,более 300,,более 20 000,около 100 000,около 50 000,около 1 000,более 1 000,более 30 000,около 1 000 000,более 200 000,более 100 000,около 30 000,более 2 000 000,более 300 000,более 1 000 000,около 300,около 500 000,около 20 000 +
    -19.1128 * VISITORS_COUNT=более 2 000,около 5 000,около 5 000 000,более 10 000,более 300,,более 20 000,около 100 000,около 50 000,около 1 000,более 1 000,более 30 000,около 1 000 000,более 200 000,более 100 000,около 30 000,более 2 000 000,более 300 000,более 1 000 000,около 300,около 500 000,около 20 000 +
     -7.6685 * VISITORS_COUNT=около 5 000,около 5 000 000,более 10 000,более 300,,более 20 000,около 100 000,около 50 000,около 1 000,более 1 000,более 30 000,около 1 000 000,более 200 000,более 100 000,около 30 000,более 2 000 000,более 300 000,более 1 000 000,около 300,около 500 000,около 20 000 +
     -5.1586 * VISITORS_COUNT=около 5 000 000,более 10 000,более 300,,более 20 000,около 100 000,около 50 000,около 1 000,более 1 000,более 30 000,около 1 000 000,более 200 000,более 100 000,около 30 000,более 2 000 000,более 300 000,более 1 000 000,около 300,около 500 000,около 20 000 +
     23.2098 * VISITORS_COUNT=более 10 000,более 300,,более 20 000,около 100 000,около 50 000,около 1 000,более 1 000,более 30 000,около 1 000 000,более 200 000,более 100 000,около 30 000,более 2 000 000,более 300 000,более 1 000 000,около 300,около 500 000,около 20 000 +
   -218.07   * VISITORS_COUNT=более 300,,более 20 000,около 100 000,около 50 000,около 1 000,более 1 000,более 30 000,около 1 000 000,более 200 000,более 100 000,около 30 000,более 2 000 000,более 300 000,более 1 000 000,около 300,около 500 000,около 20 000 +
    122.9405 * VISITORS_COUNT=,более 20 000,около 100 000,около 50 000,около 1 000,более 1 000,более 30 000,около 1 000 000,более 200 000,более 100 000,около 30 000,более 2 000 000,более 300 000,более 1 000 000,около 300,около 500 000,около 20 000 +
    122.9511 * VISITORS_COUNT=более 20 000,около 100 000,около 50 000,около 1 000,более 1 000,более 30 000,около 1 000 000,более 200 000,более 100 000,около 30 000,более 2 000 000,более 300 000,более 1 000 000,около 300,около 500 000,около 20 000 +
     13.3877 * VISITORS_COUNT=около 100 000,около 50 000,около 1 000,более 1 000,более 30 000,около 1 000 000,более 200 000,более 100 000,около 30 000,более 2 000 000,более 300 000,более 1 000 000,около 300,около 500 000,около 20 000 +
