
Linear Regression Model

PRICE =

     12.1346 * WEALTH_INDEX +
    -16.3104 * EDUCATION_INDEX +
      0.4982 * AVERAGE_SALARY +
   -476.5435 * MARKET_INDEX=,AA,AAA,B,D,C,A +
   -488.5917 * MARKET_INDEX=AA,AAA,B,D,C,A +
 -10612.7607 * MARKET_INDEX=AAA,B,D,C,A +
  15734.4297 * MARKET_INDEX=B,D,C,A +
  -1518.0117 * MARKET_INDEX=D,C,A +
    629.7791 * MARKET_INDEX=C,A +
   -410.4708 * MARKET_INDEX=A +
      0.0004 * MARKET_VOLUME +
     70.0419 * LOCAL_PERCENT +
      1.5978 * LOCAL_PRICE +
   -129.7024 * LOCAL_QUALITY +
   1355.2668 * SHOP_SIZE=10000,500,1000,3,2,5,4,1,100000 +
   -282.3828 * SHOP_SIZE=500,1000,3,2,5,4,1,100000 +
    349.4031 * SHOP_SIZE=1000,3,2,5,4,1,100000 +
    235.863  * SHOP_SIZE=3,2,5,4,1,100000 +
    234.9867 * SHOP_SIZE=2,5,4,1,100000 +
    235.5008 * SHOP_SIZE=5,4,1,100000 +
    235.3246 * SHOP_SIZE=4,1,100000 +
    234.5819 * SHOP_SIZE=1,100000 +
    234.5173 * SHOP_SIZE=100000 +
    986.1239 * TOWN_DISTRICT=Окраина,Фешенебельный район,,Пригород,Центр города +
  -2180.0431 * TOWN_DISTRICT=Фешенебельный район,,Пригород,Центр города +
    732.1378 * TOWN_DISTRICT=,Пригород,Центр города +
    732.0168 * TOWN_DISTRICT=Пригород,Центр города +
    395.4586 * TOWN_DISTRICT=Центр города +
   1525.2305 * DEPARTMENT_COUNT=4,5,6,3,9,2,8,10,1 +
   -644.4939 * DEPARTMENT_COUNT=5,6,3,9,2,8,10,1 +
    643.747  * DEPARTMENT_COUNT=6,3,9,2,8,10,1 +
   -561.0678 * DEPARTMENT_COUNT=3,9,2,8,10,1 +
    580.8055 * DEPARTMENT_COUNT=2,8,10,1 +
    457.7024 * DEPARTMENT_COUNT=8,10,1 +
    264.4387 * DEPARTMENT_COUNT=10,1 +
   -791.568  * DEPARTMENT_COUNT=1 +
    137.5956 * BRAND +
    109.5526 * QUALITY +
      7.1465 * NOTORIETY +
   5981.5004 * VISITORS_COUNT=менее 50,около 50,около 300,около 100,около 200,более 300,более 100,более 200,около 500,более 2 000,более 3 000,более 10 000,около 5 000,около 30 000,около 10 000,более 20 000,около 1 000,более 30 000,около 100 000,более 1 000 000,,около 1 000 000,более 100 000,около 50 000,более 200 000,более 1 000,около 2 000,более 2 000 000,более 300 000,около 500 000,более 3 000 000,около 5 000 000 +
  -1912.3908 * VISITORS_COUNT=около 50,около 300,около 100,около 200,более 300,более 100,более 200,около 500,более 2 000,более 3 000,более 10 000,около 5 000,около 30 000,около 10 000,более 20 000,около 1 000,более 30 000,около 100 000,более 1 000 000,,около 1 000 000,более 100 000,около 50 000,более 200 000,более 1 000,около 2 000,более 2 000 000,более 300 000,около 500 000,более 3 000 000,около 5 000 000 +
   -367.0362 * VISITORS_COUNT=около 300,около 100,около 200,более 300,более 100,более 200,около 500,более 2 000,более 3 000,более 10 000,около 5 000,около 30 000,около 10 000,более 20 000,около 1 000,более 30 000,около 100 000,более 1 000 000,,около 1 000 000,более 100 000,около 50 000,более 200 000,более 1 000,около 2 000,более 2 000 000,более 300 000,около 500 000,более 3 000 000,около 5 000 000 +
    495.2676 * VISITORS_COUNT=около 100,около 200,более 300,более 100,более 200,около 500,более 2 000,более 3 000,более 10 000,около 5 000,около 30 000,около 10 000,более 20 000,около 1 000,более 30 000,около 100 000,более 1 000 000,,около 1 000 000,более 100 000,около 50 000,более 200 000,более 1 000,около 2 000,более 2 000 000,более 300 000,около 500 000,более 3 000 000,около 5 000 000 +
   -390.9471 * VISITORS_COUNT=около 200,более 300,более 100,более 200,около 500,более 2 000,более 3 000,более 10 000,около 5 000,около 30 000,около 10 000,более 20 000,около 1 000,более 30 000,около 100 000,более 1 000 000,,около 1 000 000,более 100 000,около 50 000,более 200 000,более 1 000,около 2 000,более 2 000 000,более 300 000,около 500 000,более 3 000 000,около 5 000 000 +
   -622.7298 * VISITORS_COUNT=более 300,более 100,более 200,около 500,более 2 000,более 3 000,более 10 000,около 5 000,около 30 000,около 10 000,более 20 000,около 1 000,более 30 000,около 100 000,более 1 000 000,,около 1 000 000,более 100 000,около 50 000,более 200 000,более 1 000,около 2 000,более 2 000 000,более 300 000,около 500 000,более 3 000 000,около 5 000 000 +
    843.7428 * VISITORS_COUNT=более 100,более 200,около 500,более 2 000,более 3 000,более 10 000,около 5 000,около 30 000,около 10 000,более 20 000,около 1 000,более 30 000,около 100 000,более 1 000 000,,около 1 000 000,более 100 000,около 50 000,более 200 000,более 1 000,около 2 000,более 2 000 000,более 300 000,около 500 000,более 3 000 000,около 5 000 000 +
   -385.2075 * VISITORS_COUNT=более 200,около 500,более 2 000,более 3 000,более 10 000,около 5 000,около 30 000,около 10 000,более 20 000,около 1 000,более 30 000,около 100 000,более 1 000 000,,около 1 000 000,более 100 000,около 50 000,более 200 000,более 1 000,около 2 000,более 2 000 000,более 300 000,около 500 000,более 3 000 000,около 5 000 000 +
   -265.7828 * VISITORS_COUNT=около 500,более 2 000,более 3 000,более 10 000,около 5 000,около 30 000,около 10 000,более 20 000,около 1 000,более 30 000,около 100 000,более 1 000 000,,около 1 000 000,более 100 000,около 50 000,более 200 000,более 1 000,около 2 000,более 2 000 000,более 300 000,около 500 000,более 3 000 000,около 5 000 000 +
  -1206.945  * VISITORS_COUNT=более 2 000,более 3 000,более 10 000,около 5 000,около 30 000,около 10 000,более 20 000,около 1 000,более 30 000,около 100 000,более 1 000 000,,около 1 000 000,более 100 000,около 50 000,более 200 000,более 1 000,около 2 000,более 2 000 000,более 300 000,около 500 000,более 3 000 000,около 5 000 000 +
    572.399  * VISITORS_COUNT=более 3 000,более 10 000,около 5 000,около 30 000,около 10 000,более 20 000,около 1 000,более 30 000,около 100 000,более 1 000 000,,около 1 000 000,более 100 000,около 50 000,более 200 000,более 1 000,около 2 000,более 2 000 000,более 300 000,около 500 000,более 3 000 000,около 5 000 000 +
   -411.6864 * VISITORS_COUNT=более 10 000,около 5 000,около 30 000,около 10 000,более 20 000,около 1 000,более 30 000,около 100 000,более 1 000 000,,около 1 000 000,более 100 000,около 50 000,более 200 000,более 1 000,около 2 000,более 2 000 000,более 300 000,около 500 000,более 3 000 000,около 5 000 000 +
   1791.4357 * VISITORS_COUNT=около 30 000,около 10 000,более 20 000,около 1 000,более 30 000,около 100 000,более 1 000 000,,около 1 000 000,более 100 000,около 50 000,более 200 000,более 1 000,около 2 000,более 2 000 000,более 300 000,около 500 000,более 3 000 000,около 5 000 000 +
  -1742.5166 * VISITORS_COUNT=около 10 000,более 20 000,около 1 000,более 30 000,около 100 000,более 1 000 000,,около 1 000 000,более 100 000,около 50 000,более 200 000,более 1 000,около 2 000,более 2 000 000,более 300 000,около 500 000,более 3 000 000,около 5 000 000 +
    -64.7682 * VISITORS_COUNT=более 20 000,около 1 000,более 30 000,около 100 000,более 1 000 000,,около 1 000 000,более 100 000,около 50 000,более 200 000,более 1 000,около 2 000,более 2 000 000,более 300 000,около 500 000,более 3 000 000,около 5 000 000 +
   1320.0059 * VISITORS_COUNT=около 1 000,более 30 000,около 100 000,более 1 000 000,,около 1 000 000,более 100 000,около 50 000,более 200 000,более 1 000,около 2 000,более 2 000 000,более 300 000,около 500 000,более 3 000 000,около 5 000 000 +
   -974.5613 * VISITORS_COUNT=более 30 000,около 100 000,более 1 000 000,,около 1 000 000,более 100 000,около 50 000,более 200 000,более 1 000,около 2 000,более 2 000 000,более 300 000,около 500 000,более 3 000 000,около 5 000 000 +
   -846.9946 * VISITORS_COUNT=около 100 000,более 1 000 000,,около 1 000 000,более 100 000,около 50 000,более 200 000,более 1 000,около 2 000,более 2 000 000,более 300 000,около 500 000,более 3 000 000,около 5 000 000 +
  -1359.783  * VISITORS_COUNT=более 1 000 000,,около 1 000 000,более 100 000,около 50 000,более 200 000,более 1 000,около 2 000,более 2 000 000,более 300 000,около 500 000,более 3 000 000,около 5 000 000 +
