
Linear Regression Model

PRICE =

      0.2653 * WEALTH_INDEX +
     -6.3597 * EDUCATION_INDEX +
      0.0941 * AVERAGE_SALARY +
   3309.9051 * MARKET_INDEX=E,D,C,B,A,AA,AAA +
    113.4443 * MARKET_INDEX=D,C,B,A,AA,AAA +
     57.5358 * MARKET_INDEX=C,B,A,AA,AAA +
    -55.2267 * MARKET_INDEX=B,A,AA,AAA +
    -12.8379 * MARKET_INDEX=A,AA,AAA +
   -129.5675 * MARKET_INDEX=AA,AAA +
    -61.3338 * MARKET_INDEX=AAA +
     -0.0001 * MARKET_VOLUME +
      3.5588 * LOCAL_PERCENT +
      0.7352 * LOCAL_PRICE +
    -26.1872 * LOCAL_QUALITY +
   -122.0708 * SHOP_SIZE=500,10000,3,2,5,4,1,1000,100000 +
     29.9115 * SHOP_SIZE=10000,3,2,5,4,1,1000,100000 +
      4.8536 * SHOP_SIZE=3,2,5,4,1,1000,100000 +
      4.8601 * SHOP_SIZE=2,5,4,1,1000,100000 +
      4.8292 * SHOP_SIZE=4,1,1000,100000 +
      5.1423 * SHOP_SIZE=1,1000,100000 +
      5.5981 * SHOP_SIZE=1000,100000 +
    148.6903 * SHOP_SIZE=100000 +
     36.6573 * TOWN_DISTRICT=Окраина,Спальный район,Центр города,,Фешенебельный район +
    -31.1688 * TOWN_DISTRICT=Центр города,,Фешенебельный район +
    111.6577 * TOWN_DISTRICT=,Фешенебельный район +
    111.3468 * TOWN_DISTRICT=Фешенебельный район +
    -21.0156 * DEPARTMENT_COUNT=7,9,5,2,8,3,4,1 +
    -37.0079 * DEPARTMENT_COUNT=9,5,2,8,3,4,1 +
    165.2468 * DEPARTMENT_COUNT=5,2,8,3,4,1 +
    -18.5852 * DEPARTMENT_COUNT=2,8,3,4,1 +
    -86.7353 * DEPARTMENT_COUNT=8,3,4,1 +
    110.5135 * DEPARTMENT_COUNT=3,4,1 +
     43.447  * DEPARTMENT_COUNT=4,1 +
     29.4854 * DEPARTMENT_COUNT=1 +
    -10.5444 * BRAND +
     27.3502 * QUALITY +
      0.6056 * NOTORIETY +
    199.4268 * VISITORS_COUNT=около 100,около 50,более 100,около 200,более 200,более 300,около 3 000,около 300,около 500,более 30 000,более 3 000,более 10 000,более 20 000,около 5 000,около 10 000,более 2 000,около 1 000,более 2 000 000,около 2 000,более 1 000,,около 50 000,более 300 000,около 500 000,более 200 000,около 5 000 000,более 1 000 000,около 1 000 000,более 100 000,около 100 000,более 3 000 000 +
    -53.4841 * VISITORS_COUNT=около 50,более 100,около 200,более 200,более 300,около 3 000,около 300,около 500,более 30 000,более 3 000,более 10 000,более 20 000,около 5 000,около 10 000,более 2 000,около 1 000,более 2 000 000,около 2 000,более 1 000,,около 50 000,более 300 000,около 500 000,более 200 000,около 5 000 000,более 1 000 000,около 1 000 000,более 100 000,около 100 000,более 3 000 000 +
     54.8827 * VISITORS_COUNT=более 100,около 200,более 200,более 300,около 3 000,около 300,около 500,более 30 000,более 3 000,более 10 000,более 20 000,около 5 000,около 10 000,более 2 000,около 1 000,более 2 000 000,около 2 000,более 1 000,,около 50 000,более 300 000,около 500 000,более 200 000,около 5 000 000,более 1 000 000,около 1 000 000,более 100 000,около 100 000,более 3 000 000 +
     27.707  * VISITORS_COUNT=более 200,более 300,около 3 000,около 300,около 500,более 30 000,более 3 000,более 10 000,более 20 000,около 5 000,около 10 000,более 2 000,около 1 000,более 2 000 000,около 2 000,более 1 000,,около 50 000,более 300 000,около 500 000,более 200 000,около 5 000 000,более 1 000 000,около 1 000 000,более 100 000,около 100 000,более 3 000 000 +
     26.0383 * VISITORS_COUNT=более 300,около 3 000,около 300,около 500,более 30 000,более 3 000,более 10 000,более 20 000,около 5 000,около 10 000,более 2 000,около 1 000,более 2 000 000,около 2 000,более 1 000,,около 50 000,более 300 000,около 500 000,более 200 000,около 5 000 000,более 1 000 000,около 1 000 000,более 100 000,около 100 000,более 3 000 000 +
   -289.0044 * VISITORS_COUNT=около 3 000,около 300,около 500,более 30 000,более 3 000,более 10 000,более 20 000,около 5 000,около 10 000,более 2 000,около 1 000,более 2 000 000,около 2 000,более 1 000,,около 50 000,более 300 000,около 500 000,более 200 000,около 5 000 000,более 1 000 000,около 1 000 000,более 100 000,около 100 000,более 3 000 000 +
    281.1943 * VISITORS_COUNT=около 300,около 500,более 30 000,более 3 000,более 10 000,более 20 000,около 5 000,около 10 000,более 2 000,около 1 000,более 2 000 000,около 2 000,более 1 000,,около 50 000,более 300 000,около 500 000,более 200 000,около 5 000 000,более 1 000 000,около 1 000 000,более 100 000,около 100 000,более 3 000 000 +
    -13.0152 * VISITORS_COUNT=около 500,более 30 000,более 3 000,более 10 000,более 20 000,около 5 000,около 10 000,более 2 000,около 1 000,более 2 000 000,около 2 000,более 1 000,,около 50 000,более 300 000,около 500 000,более 200 000,около 5 000 000,более 1 000 000,около 1 000 000,более 100 000,около 100 000,более 3 000 000 +
   -115.2452 * VISITORS_COUNT=более 30 000,более 3 000,более 10 000,более 20 000,около 5 000,около 10 000,более 2 000,около 1 000,более 2 000 000,около 2 000,более 1 000,,около 50 000,более 300 000,около 500 000,более 200 000,около 5 000 000,более 1 000 000,около 1 000 000,более 100 000,около 100 000,более 3 000 000 +
     40.3161 * VISITORS_COUNT=более 3 000,более 10 000,более 20 000,около 5 000,около 10 000,более 2 000,около 1 000,более 2 000 000,около 2 000,более 1 000,,около 50 000,более 300 000,около 500 000,более 200 000,около 5 000 000,более 1 000 000,около 1 000 000,более 100 000,около 100 000,более 3 000 000 +
     -5.486  * VISITORS_COUNT=более 10 000,более 20 000,около 5 000,около 10 000,более 2 000,около 1 000,более 2 000 000,около 2 000,более 1 000,,около 50 000,более 300 000,около 500 000,более 200 000,около 5 000 000,более 1 000 000,около 1 000 000,более 100 000,около 100 000,более 3 000 000 +
     20.9585 * VISITORS_COUNT=более 20 000,около 5 000,около 10 000,более 2 000,около 1 000,более 2 000 000,около 2 000,более 1 000,,около 50 000,более 300 000,около 500 000,более 200 000,около 5 000 000,более 1 000 000,около 1 000 000,более 100 000,около 100 000,более 3 000 000 +
     12.2385 * VISITORS_COUNT=около 5 000,около 10 000,более 2 000,около 1 000,более 2 000 000,около 2 000,более 1 000,,около 50 000,более 300 000,около 500 000,более 200 000,около 5 000 000,более 1 000 000,около 1 000 000,более 100 000,около 100 000,более 3 000 000 +
     25.3448 * VISITORS_COUNT=около 10 000,более 2 000,около 1 000,более 2 000 000,около 2 000,более 1 000,,около 50 000,более 300 000,около 500 000,более 200 000,около 5 000 000,более 1 000 000,около 1 000 000,более 100 000,около 100 000,более 3 000 000 +
     16.0518 * VISITORS_COUNT=более 2 000,около 1 000,более 2 000 000,около 2 000,более 1 000,,около 50 000,более 300 000,около 500 000,более 200 000,около 5 000 000,более 1 000 000,около 1 000 000,более 100 000,около 100 000,более 3 000 000 +
     42.892  * VISITORS_COUNT=около 1 000,более 2 000 000,около 2 000,более 1 000,,около 50 000,более 300 000,около 500 000,более 200 000,около 5 000 000,более 1 000 000,около 1 000 000,более 100 000,около 100 000,более 3 000 000 +
     -5.8567 * VISITORS_COUNT=более 2 000 000,около 2 000,более 1 000,,около 50 000,более 300 000,около 500 000,более 200 000,около 5 000 000,более 1 000 000,около 1 000 000,более 100 000,около 100 000,более 3 000 000 +
   -487.8857 * VISITORS_COUNT=около 2 000,более 1 000,,около 50 000,более 300 000,около 500 000,более 200 000,около 5 000 000,более 1 000 000,около 1 000 000,более 100 000,около 100 000,более 3 000 000 +
    498.0077 * VISITORS_COUNT=более 1 000,,около 50 000,более 300 000,около 500 000,более 200 000,около 5 000 000,более 1 000 000,около 1 000 000,более 100 000,около 100 000,более 3 000 000 +
    -40.8235 * VISITORS_COUNT=,около 50 000,более 300 000,около 500 000,более 200 000,около 5 000 000,более 1 000 000,около 1 000 000,более 100 000,около 100 000,более 3 000 000 +
    -41.8497 * VISITORS_COUNT=около 50 000,более 300 000,около 500 000,более 200 000,около 5 000 000,более 1 000 000,около 1 000 000,более 100 000,около 100 000,более 3 000 000 +
     86.5401 * VISITORS_COUNT=более 300 000,около 500 000,более 200 000,около 5 000 000,более 1 000 000,около 1 000 000,более 100 000,около 100 000,более 3 000 000 +
