
Linear Regression Model

PRICE =

     11.1777 * WEALTH_INDEX +
    -16.7677 * EDUCATION_INDEX +
      0.574  * AVERAGE_SALARY +
    233.3923 * MARKET_INDEX=,D,C,B,A,AA,AAA +
    233.5425 * MARKET_INDEX=D,C,B,A,AA,AAA +
    461.3652 * MARKET_INDEX=C,B,A,AA,AAA +
    -97.0167 * MARKET_INDEX=B,A,AA,AAA +
   -372.1373 * MARKET_INDEX=A,AA,AAA +
   -278.4775 * MARKET_INDEX=AA,AAA +
    817.218  * MARKET_INDEX=AAA +
     -0.0005 * MARKET_VOLUME +
     10.9045 * LOCAL_PERCENT +
      0.8748 * LOCAL_PRICE +
    -96.1442 * LOCAL_QUALITY +
   -179.8572 * SHOP_SIZE=500,1000,10000,3,2,5,4,1,100000 +
    217.9215 * SHOP_SIZE=1000,10000,3,2,5,4,1,100000 +
   -127.6518 * SHOP_SIZE=10000,3,2,5,4,1,100000 +
     24.6755 * SHOP_SIZE=3,2,5,4,1,100000 +
     24.6772 * SHOP_SIZE=2,5,4,1,100000 +
     25.0903 * SHOP_SIZE=5,4,1,100000 +
     25.0593 * SHOP_SIZE=4,1,100000 +
     25.4521 * SHOP_SIZE=1,100000 +
     25.4724 * SHOP_SIZE=100000 +
    367.7668 * TOWN_DISTRICT=Пригород,Спальный район,,Центр города,Фешенебельный район +
    160.1002 * TOWN_DISTRICT=,Центр города,Фешенебельный район +
    160.4848 * TOWN_DISTRICT=Центр города,Фешенебельный район +
   -137.86   * TOWN_DISTRICT=Фешенебельный район +
    107.6296 * DEPARTMENT_COUNT=5,3,8,10,2,9,1 +
    135.369  * DEPARTMENT_COUNT=3,8,10,2,9,1 +
   -482.1464 * DEPARTMENT_COUNT=8,10,2,9,1 +
    546.3685 * DEPARTMENT_COUNT=10,2,9,1 +
     69.6983 * DEPARTMENT_COUNT=2,9,1 +
    151.6985 * DEPARTMENT_COUNT=9,1 +
     41.6122 * DEPARTMENT_COUNT=1 +
     46.2247 * QUALITY +
      1.1437 * NOTORIETY +
   -215.5994 * VISITORS_COUNT=около 50,менее 50,более 100,более 300,более 200,около 500,более 3 000,около 300,более 2 000,около 200,около 5 000,около 10 000,около 1 000,более 1 000,около 3 000,более 3 000 000,около 2 000,более 10 000,,более 30 000,около 20 000,около 50 000,более 20 000,около 100 000,более 100 000,более 300 000,более 200 000,около 5 000 000,около 1 000 000,около 500 000,более 2 000 000,более 1 000 000 +
   -363.4278 * VISITORS_COUNT=менее 50,более 100,более 300,более 200,около 500,более 3 000,около 300,более 2 000,около 200,около 5 000,около 10 000,около 1 000,более 1 000,около 3 000,более 3 000 000,около 2 000,более 10 000,,более 30 000,около 20 000,около 50 000,более 20 000,около 100 000,более 100 000,более 300 000,более 200 000,около 5 000 000,около 1 000 000,около 500 000,более 2 000 000,более 1 000 000 +
    551.7497 * VISITORS_COUNT=более 100,более 300,более 200,около 500,более 3 000,около 300,более 2 000,около 200,около 5 000,около 10 000,около 1 000,более 1 000,около 3 000,более 3 000 000,около 2 000,более 10 000,,более 30 000,около 20 000,около 50 000,более 20 000,около 100 000,более 100 000,более 300 000,более 200 000,около 5 000 000,около 1 000 000,около 500 000,более 2 000 000,более 1 000 000 +
   -210.5962 * VISITORS_COUNT=более 300,более 200,около 500,более 3 000,около 300,более 2 000,около 200,около 5 000,около 10 000,около 1 000,более 1 000,около 3 000,более 3 000 000,около 2 000,более 10 000,,более 30 000,около 20 000,около 50 000,более 20 000,около 100 000,более 100 000,более 300 000,более 200 000,около 5 000 000,около 1 000 000,около 500 000,более 2 000 000,более 1 000 000 +
    125.4638 * VISITORS_COUNT=более 200,около 500,более 3 000,около 300,более 2 000,около 200,около 5 000,около 10 000,около 1 000,более 1 000,около 3 000,более 3 000 000,около 2 000,более 10 000,,более 30 000,около 20 000,около 50 000,более 20 000,около 100 000,более 100 000,более 300 000,более 200 000,около 5 000 000,около 1 000 000,около 500 000,более 2 000 000,более 1 000 000 +
    -82.4692 * VISITORS_COUNT=около 500,более 3 000,около 300,более 2 000,около 200,около 5 000,около 10 000,около 1 000,более 1 000,около 3 000,более 3 000 000,около 2 000,более 10 000,,более 30 000,около 20 000,около 50 000,более 20 000,около 100 000,более 100 000,более 300 000,более 200 000,около 5 000 000,около 1 000 000,около 500 000,более 2 000 000,более 1 000 000 +
    147.8847 * VISITORS_COUNT=более 3 000,около 300,более 2 000,около 200,около 5 000,около 10 000,около 1 000,более 1 000,около 3 000,более 3 000 000,около 2 000,более 10 000,,более 30 000,около 20 000,около 50 000,более 20 000,около 100 000,более 100 000,более 300 000,более 200 000,около 5 000 000,около 1 000 000,около 500 000,более 2 000 000,более 1 000 000 +
   -515.6919 * VISITORS_COUNT=около 300,более 2 000,около 200,около 5 000,около 10 000,около 1 000,более 1 000,около 3 000,более 3 000 000,около 2 000,более 10 000,,более 30 000,около 20 000,около 50 000,более 20 000,около 100 000,более 100 000,более 300 000,более 200 000,около 5 000 000,около 1 000 000,около 500 000,более 2 000 000,более 1 000 000 +
    468.2221 * VISITORS_COUNT=более 2 000,около 200,около 5 000,около 10 000,около 1 000,более 1 000,около 3 000,более 3 000 000,около 2 000,более 10 000,,более 30 000,около 20 000,около 50 000,более 20 000,около 100 000,более 100 000,более 300 000,более 200 000,около 5 000 000,около 1 000 000,около 500 000,более 2 000 000,более 1 000 000 +
    337.1387 * VISITORS_COUNT=около 200,около 5 000,около 10 000,около 1 000,более 1 000,около 3 000,более 3 000 000,около 2 000,более 10 000,,более 30 000,около 20 000,около 50 000,более 20 000,около 100 000,более 100 000,более 300 000,более 200 000,около 5 000 000,около 1 000 000,около 500 000,более 2 000 000,более 1 000 000 +
   -249.7403 * VISITORS_COUNT=около 5 000,около 10 000,около 1 000,более 1 000,около 3 000,более 3 000 000,около 2 000,более 10 000,,более 30 000,около 20 000,около 50 000,более 20 000,около 100 000,более 100 000,более 300 000,более 200 000,около 5 000 000,около 1 000 000,около 500 000,более 2 000 000,более 1 000 000 +
   -160.7287 * VISITORS_COUNT=около 1 000,более 1 000,около 3 000,более 3 000 000,около 2 000,более 10 000,,более 30 000,около 20 000,около 50 000,более 20 000,около 100 000,более 100 000,более 300 000,более 200 000,около 5 000 000,около 1 000 000,около 500 000,более 2 000 000,более 1 000 000 +
     64.31   * VISITORS_COUNT=более 1 000,около 3 000,более 3 000 000,около 2 000,более 10 000,,более 30 000,около 20 000,около 50 000,более 20 000,около 100 000,более 100 000,более 300 000,более 200 000,около 5 000 000,около 1 000 000,около 500 000,более 2 000 000,более 1 000 000 +
    565.2228 * VISITORS_COUNT=около 3 000,более 3 000 000,около 2 000,более 10 000,,более 30 000,около 20 000,около 50 000,более 20 000,около 100 000,более 100 000,более 300 000,более 200 000,около 5 000 000,около 1 000 000,около 500 000,более 2 000 000,более 1 000 000 +
   -117.5179 * VISITORS_COUNT=более 3 000 000,около 2 000,более 10 000,,более 30 000,около 20 000,около 50 000,более 20 000,около 100 000,более 100 000,более 300 000,более 200 000,около 5 000 000,около 1 000 000,около 500 000,более 2 000 000,более 1 000 000 +
    -99.1201 * VISITORS_COUNT=около 2 000,более 10 000,,более 30 000,около 20 000,около 50 000,более 20 000,около 100 000,более 100 000,более 300 000,более 200 000,около 5 000 000,около 1 000 000,около 500 000,более 2 000 000,более 1 000 000 +
     69.1628 * VISITORS_COUNT=более 10 000,,более 30 000,около 20 000,около 50 000,более 20 000,около 100 000,более 100 000,более 300 000,более 200 000,около 5 000 000,около 1 000 000,около 500 000,более 2 000 000,более 1 000 000 +
     80.1045 * VISITORS_COUNT=,более 30 000,около 20 000,около 50 000,более 20 000,около 100 000,более 100 000,более 300 000,более 200 000,около 5 000 000,около 1 000 000,около 500 000,более 2 000 000,более 1 000 000 +
     80.098  * VISITORS_COUNT=более 30 000,около 20 000,около 50 000,более 20 000,около 100 000,более 100 000,более 300 000,более 200 000,около 5 000 000,около 1 000 000,около 500 000,более 2 000 000,более 1 000 000 +
     81.4154 * VISITORS_COUNT=около 20 000,около 50 000,более 20 000,около 100 000,более 100 000,более 300 000,более 200 000,около 5 000 000,около 1 000 000,около 500 000,более 2 000 000,более 1 000 000 +
