
Linear Regression Model

PRICE =

      2.9365 * WEALTH_INDEX +
     -9.2572 * EDUCATION_INDEX +
      0.2123 * AVERAGE_SALARY +
     31.0306 * MARKET_INDEX=AA,D,B,C,A +
     40.7474 * MARKET_INDEX=D,B,C,A +
    124.5585 * MARKET_INDEX=B,C,A +
     44.9515 * MARKET_INDEX=C,A +
     60.3683 * MARKET_INDEX=A +
      0.0001 * MARKET_VOLUME +
      3.0273 * LOCAL_PERCENT +
      0.6892 * LOCAL_PRICE +
    -13.5495 * LOCAL_QUALITY +
   -197.5213 * SHOP_SIZE=500,10000,3,2,5,4,1,1000,100000 +
   -120.0176 * SHOP_SIZE=10000,3,2,5,4,1,1000,100000 +
     19.7558 * SHOP_SIZE=3,2,5,4,1,1000,100000 +
     19.4024 * SHOP_SIZE=2,5,4,1,1000,100000 +
     19.6045 * SHOP_SIZE=5,4,1,1000,100000 +
     19.6634 * SHOP_SIZE=4,1,1000,100000 +
     19.6176 * SHOP_SIZE=1,1000,100000 +
     19.606  * SHOP_SIZE=1000,100000 +
   -157.1927 * SHOP_SIZE=100000 +
    -37.7816 * TOWN_DISTRICT=Окраина,Пригород,,Центр города,Фешенебельный район +
    -13.7792 * TOWN_DISTRICT=Пригород,,Центр города,Фешенебельный район +
     38.8503 * TOWN_DISTRICT=,Центр города,Фешенебельный район +
     38.812  * TOWN_DISTRICT=Центр города,Фешенебельный район +
    192.2186 * TOWN_DISTRICT=Фешенебельный район +
   -119.7939 * DEPARTMENT_COUNT=9,3,6,5,8,7,2,1,10 +
     53.3888 * DEPARTMENT_COUNT=3,6,5,8,7,2,1,10 +
    104.9209 * DEPARTMENT_COUNT=6,5,8,7,2,1,10 +
     13.1562 * DEPARTMENT_COUNT=5,8,7,2,1,10 +
    -29.8876 * DEPARTMENT_COUNT=8,7,2,1,10 +
     55.1633 * DEPARTMENT_COUNT=7,2,1,10 +
    -46.0232 * DEPARTMENT_COUNT=2,1,10 +
     41.2447 * DEPARTMENT_COUNT=1,10 +
     -3.7767 * BRAND +
     10.1934 * QUALITY +
      0.4012 * NOTORIETY +
     48.5107 * VISITORS_COUNT=около 100,менее 50,более 100,более 300,более 200,около 200,около 30 000,более 3 000,около 500,около 2 000,около 300,более 2 000,около 5 000,около 10 000,более 10 000,около 1 000,более 20 000,,более 1 000,более 30 000,более 100 000,около 20 000,около 3 000,около 100 000,около 50 000,более 200 000,более 3 000 000,более 2 000 000,около 1 000 000,около 500 000,более 300 000,более 1 000 000,около 5 000 000 +
   -171.1209 * VISITORS_COUNT=менее 50,более 100,более 300,более 200,около 200,около 30 000,более 3 000,около 500,около 2 000,около 300,более 2 000,около 5 000,около 10 000,более 10 000,около 1 000,более 20 000,,более 1 000,более 30 000,более 100 000,около 20 000,около 3 000,около 100 000,около 50 000,более 200 000,более 3 000 000,более 2 000 000,около 1 000 000,около 500 000,более 300 000,более 1 000 000,около 5 000 000 +
    223.8293 * VISITORS_COUNT=более 100,более 300,более 200,около 200,около 30 000,более 3 000,около 500,около 2 000,около 300,более 2 000,около 5 000,около 10 000,более 10 000,около 1 000,более 20 000,,более 1 000,более 30 000,более 100 000,около 20 000,около 3 000,около 100 000,около 50 000,более 200 000,более 3 000 000,более 2 000 000,около 1 000 000,около 500 000,более 300 000,более 1 000 000,около 5 000 000 +
     -8.5467 * VISITORS_COUNT=более 300,более 200,около 200,около 30 000,более 3 000,около 500,около 2 000,около 300,более 2 000,около 5 000,около 10 000,более 10 000,около 1 000,более 20 000,,более 1 000,более 30 000,более 100 000,около 20 000,около 3 000,около 100 000,около 50 000,более 200 000,более 3 000 000,более 2 000 000,около 1 000 000,около 500 000,более 300 000,более 1 000 000,около 5 000 000 +
     46.7362 * VISITORS_COUNT=более 200,около 200,около 30 000,более 3 000,около 500,около 2 000,около 300,более 2 000,около 5 000,около 10 000,более 10 000,около 1 000,более 20 000,,более 1 000,более 30 000,более 100 000,около 20 000,около 3 000,около 100 000,около 50 000,более 200 000,более 3 000 000,более 2 000 000,около 1 000 000,около 500 000,более 300 000,более 1 000 000,около 5 000 000 +
     24.5965 * VISITORS_COUNT=около 200,около 30 000,более 3 000,около 500,около 2 000,около 300,более 2 000,около 5 000,около 10 000,более 10 000,около 1 000,более 20 000,,более 1 000,более 30 000,более 100 000,около 20 000,около 3 000,около 100 000,около 50 000,более 200 000,более 3 000 000,более 2 000 000,около 1 000 000,около 500 000,более 300 000,более 1 000 000,около 5 000 000 +
    178.5102 * VISITORS_COUNT=около 30 000,более 3 000,около 500,около 2 000,около 300,более 2 000,около 5 000,около 10 000,более 10 000,около 1 000,более 20 000,,более 1 000,более 30 000,более 100 000,около 20 000,около 3 000,около 100 000,около 50 000,более 200 000,более 3 000 000,более 2 000 000,около 1 000 000,около 500 000,более 300 000,более 1 000 000,около 5 000 000 +
    -94.7852 * VISITORS_COUNT=более 3 000,около 500,около 2 000,около 300,более 2 000,около 5 000,около 10 000,более 10 000,около 1 000,более 20 000,,более 1 000,более 30 000,более 100 000,около 20 000,около 3 000,около 100 000,около 50 000,более 200 000,более 3 000 000,более 2 000 000,около 1 000 000,около 500 000,более 300 000,более 1 000 000,около 5 000 000 +
    -87.3515 * VISITORS_COUNT=около 500,около 2 000,около 300,более 2 000,около 5 000,около 10 000,более 10 000,около 1 000,более 20 000,,более 1 000,более 30 000,более 100 000,около 20 000,около 3 000,около 100 000,около 50 000,более 200 000,более 3 000 000,более 2 000 000,около 1 000 000,около 500 000,более 300 000,более 1 000 000,около 5 000 000 +
    -82.4473 * VISITORS_COUNT=около 2 000,около 300,более 2 000,около 5 000,около 10 000,более 10 000,около 1 000,более 20 000,,более 1 000,более 30 000,более 100 000,около 20 000,около 3 000,около 100 000,около 50 000,более 200 000,более 3 000 000,более 2 000 000,около 1 000 000,около 500 000,более 300 000,более 1 000 000,около 5 000 000 +
    173.1678 * VISITORS_COUNT=около 300,более 2 000,около 5 000,около 10 000,более 10 000,около 1 000,более 20 000,,более 1 000,более 30 000,более 100 000,около 20 000,около 3 000,около 100 000,около 50 000,более 200 000,более 3 000 000,более 2 000 000,около 1 000 000,около 500 000,более 300 000,более 1 000 000,около 5 000 000 +
    -16.5481 * VISITORS_COUNT=более 2 000,около 5 000,около 10 000,более 10 000,около 1 000,более 20 000,,более 1 000,более 30 000,более 100 000,около 20 000,около 3 000,около 100 000,около 50 000,более 200 000,более 3 000 000,более 2 000 000,около 1 000 000,около 500 000,более 300 000,более 1 000 000,около 5 000 000 +
      7.0915 * VISITORS_COUNT=около 5 000,около 10 000,более 10 000,около 1 000,более 20 000,,более 1 000,более 30 000,более 100 000,около 20 000,около 3 000,около 100 000,около 50 000,более 200 000,более 3 000 000,более 2 000 000,около 1 000 000,около 500 000,более 300 000,более 1 000 000,около 5 000 000 +
     32.5242 * VISITORS_COUNT=около 10 000,более 10 000,около 1 000,более 20 000,,более 1 000,более 30 000,более 100 000,около 20 000,около 3 000,около 100 000,около 50 000,более 200 000,более 3 000 000,более 2 000 000,около 1 000 000,около 500 000,более 300 000,более 1 000 000,около 5 000 000 +
     33.7954 * VISITORS_COUNT=более 10 000,около 1 000,более 20 000,,более 1 000,более 30 000,более 100 000,около 20 000,около 3 000,около 100 000,около 50 000,более 200 000,более 3 000 000,более 2 000 000,около 1 000 000,около 500 000,более 300 000,более 1 000 000,около 5 000 000 +
    -63.2742 * VISITORS_COUNT=около 1 000,более 20 000,,более 1 000,более 30 000,более 100 000,около 20 000,около 3 000,около 100 000,около 50 000,более 200 000,более 3 000 000,более 2 000 000,около 1 000 000,около 500 000,более 300 000,более 1 000 000,около 5 000 000 +
     69.8296 * VISITORS_COUNT=более 20 000,,более 1 000,более 30 000,более 100 000,около 20 000,около 3 000,около 100 000,около 50 000,более 200 000,более 3 000 000,более 2 000 000,около 1 000 000,около 500 000,более 300 000,более 1 000 000,около 5 000 000 +
    -52.7572 * VISITORS_COUNT=,более 1 000,более 30 000,более 100 000,около 20 000,около 3 000,около 100 000,около 50 000,более 200 000,более 3 000 000,более 2 000 000,около 1 000 000,около 500 000,более 300 000,более 1 000 000,около 5 000 000 +
