
Linear Regression Model

PRICE =

    -27.8938 * WEALTH_INDEX +
      3.0881 * AVERAGE_SALARY +
      0.86   * LOCAL_PRICE +
  -1806.6551 * SHOP_SIZE=10000,3,2,5,4,1,1000,100000 +
   4637.4529 * SHOP_SIZE=100000 +
   6777.3635 * DEPARTMENT_COUNT=7,4 +
  -6521.2299 * DEPARTMENT_COUNT=4 +
  -4214.8124 * VISITORS_COUNT=около 100 000,более 2 000,более 200 000,более 100,менее 50,более 200,около 50,более 10 000,около 10 000,около 5 000,,более 1 000,около 2 000,около 500,около 1 000,более 3 000,около 50 000,около 500 000 +
   4581.7488 * VISITORS_COUNT=более 2 000,более 200 000,более 100,менее 50,более 200,около 50,более 10 000,около 10 000,около 5 000,,более 1 000,около 2 000,около 500,около 1 000,более 3 000,около 50 000,около 500 000 +
  -4046.1787 * VISITORS_COUNT=около 2 000,около 500,около 1 000,более 3 000,около 50 000,около 500 000 +
   5918.5026 * VISITORS_COUNT=около 1 000,более 3 000,около 50 000,около 500 000 +
   6602.4415 * VISITORS_COUNT=около 50 000,около 500 000 +
  18076.6526 * VISITORS_COUNT=около 500 000 +
   1564.541  * SERVICE_LEVEL=Высокий,Очень высокий +
   2232.1787 * SELLER_COUNT=10,82,78,73,60,76,1,65,6,68,66,67,50,63,57,56,55,64,58,69,59,62,61,70,77,72,91,92,88,93,99,96,94,71,85,83,74,75,84,54,80,81,79,53,49,51,18,19,20,21,23,17,25,24,26,16,14,2,4,7,8,9,15,13,12,52,27,29,43,45,46,47,48,42,100,97,28,41,39,32,31,30,33,34,36,38,98,35,40,11,0,101,95 +
   9457.1511 * SELLER_COUNT=73,60,76,1,65,6,68,66,67,50,63,57,56,55,64,58,69,59,62,61,70,77,72,91,92,88,93,99,96,94,71,85,83,74,75,84,54,80,81,79,53,49,51,18,19,20,21,23,17,25,24,26,16,14,2,4,7,8,9,15,13,12,52,27,29,43,45,46,47,48,42,100,97,28,41,39,32,31,30,33,34,36,38,98,35,40,11,0,101,95 +
 -13444.3441 * SELLER_COUNT=76,1,65,6,68,66,67,50,63,57,56,55,64,58,69,59,62,61,70,77,72,91,92,88,93,99,96,94,71,85,83,74,75,84,54,80,81,79,53,49,51,18,19,20,21,23,17,25,24,26,16,14,2,4,7,8,9,15,13,12,52,27,29,43,45,46,47,48,42,100,97,28,41,39,32,31,30,33,34,36,38,98,35,40,11,0,101,95 +
   8103.8035 * SELLER_COUNT=6,68,66,67,50,63,57,56,55,64,58,69,59,62,61,70,77,72,91,92,88,93,99,96,94,71,85,83,74,75,84,54,80,81,79,53,49,51,18,19,20,21,23,17,25,24,26,16,14,2,4,7,8,9,15,13,12,52,27,29,43,45,46,47,48,42,100,97,28,41,39,32,31,30,33,34,36,38,98,35,40,11,0,101,95 +
  -4024.9023 * SELLER_COUNT=32,31,30,33,34,36,38,98,35,40,11,0,101,95 +
  14916.748  * SELLER_COUNT=0,101,95 +
  -7194.8585 * SELLER_COUNT=101,95 +
   4870.7492 * SELLER_COUNT=95 +
     -2.8704 * DEMOGRAPHY +
   1378.513 