
Linear Regression Model

PRICE =

     69.3669 * WEALTH_INDEX +
  -1861.5258 * EDUCATION_INDEX +
     21.9689 * AVERAGE_SALARY +
  19764.9527 * MARKET_INDEX=E,D,A,AA,AAA +
  -8060.1154 * MARKET_INDEX=D,A,AA,AAA +
 -28023.0002 * MARKET_INDEX=A,AA,AAA +
 -51409.8699 * MARKET_INDEX=AA,AAA +
-101828.9918 * MARKET_INDEX=AAA +
     -0.0971 * MARKET_VOLUME +
    100.0828 * LOCAL_PERCENT +
      2.996  * LOCAL_PRICE +
  -8132.7123 * LOCAL_QUALITY +
  39653.679  * SHOP_SIZE=10000,500,3,2,5,4,1,1000,100000 +
 -10254.3862 * SHOP_SIZE=500,3,2,5,4,1,1000,100000 +
   2785.9107 * SHOP_SIZE=3,2,5,4,1,1000,100000 +
   2706.2962 * SHOP_SIZE=2,5,4,1,1000,100000 +
   2706.2962 * SHOP_SIZE=5,4,1,1000,100000 +
   2706.2962 * SHOP_SIZE=4,1,1000,100000 +
   2706.2962 * SHOP_SIZE=1,1000,100000 +
   2706.2962 * SHOP_SIZE=1000,100000 +
  75285.9141 * SHOP_SIZE=100000 +
  13201.5258 * TOWN_DISTRICT=Спальный район,Центр города,,Фешенебельный район +
  93948.564  * DEPARTMENT_COUNT=6,8,7,5,3,9,4,2,1 +
 -45452.7304 * DEPARTMENT_COUNT=8,7,5,3,9,4,2,1 +
  38602.4391 * DEPARTMENT_COUNT=7,5,3,9,4,2,1 +
 -27276.5833 * DEPARTMENT_COUNT=3,9,4,2,1 +
  -6075.0794 * DEPARTMENT_COUNT=9,4,2,1 +
  22047.885  * DEPARTMENT_COUNT=4,2,1 +
  22468.4769 * DEPARTMENT_COUNT=2,1 +
  25944.1774 * DEPARTMENT_COUNT=1 +
   6781.3787 * BRAND +
  -1320.2288 * QUALITY +
    242.2659 * NOTORIETY +
 -33260.3669 * VISITORS_COUNT=около 100,около 3 000,около 200,более 30 000,более 100,около 10 000,более 10 000,более 20 000,около 300 000,более 3 000,около 5 000,более 200,около 500,около 1 000,более 1 000,,около 300,около 50 000,более 2 000,около 2 000,более 300,более 100 000,около 1 000 000,около 500 000,более 200 000,более 300 000,более 1 000 000,около 100 000,более 2 000 000,более 3 000 000,около 5 000 000 +
  73453.4719 * VISITORS_COUNT=около 3 000,около 200,более 30 000,более 100,около 10 000,более 10 000,более 20 000,около 300 000,более 3 000,около 5 000,более 200,около 500,около 1 000,более 1 000,,около 300,около 50 000,более 2 000,около 2 000,более 300,более 100 000,около 1 000 000,около 500 000,более 200 000,более 300 000,более 1 000 000,около 100 000,более 2 000 000,более 3 000 000,около 5 000 000 +
 -63584.1454 * VISITORS_COUNT=около 200,более 30 000,более 100,около 10 000,более 10 000,более 20 000,около 300 000,более 3 000,около 5 000,более 200,около 500,около 1 000,более 1 000,,около 300,около 50 000,более 2 000,около 2 000,более 300,более 100 000,около 1 000 000,около 500 000,более 200 000,более 300 000,более 1 000 000,около 100 000,более 2 000 000,более 3 000 000,около 5 000 000 +
  18098.3764 * VISITORS_COUNT=более 30 000,более 100,около 10 000,более 10 000,более 20 000,около 300 000,более 3 000,около 5 000,более 200,около 500,около 1 000,более 1 000,,около 300,около 50 000,более 2 000,около 2 000,более 300,более 100 000,около 1 000 000,около 500 000,более 200 000,более 300 000,более 1 000 000,около 100 000,более 2 000 000,более 3 000 000,около 5 000 000 +
 -26141.9527 * VISITORS_COUNT=более 100,около 10 000,более 10 000,более 20 000,около 300 000,более 3 000,около 5 000,более 200,около 500,около 1 000,более 1 000,,около 300,около 50 000,более 2 000,около 2 000,более 300,более 100 000,около 1 000 000,около 500 000,более 200 000,более 300 000,более 1 000 000,около 100 000,более 2 000 000,более 3 000 000,около 5 000 000 +
  17553.9176 * VISITORS_COUNT=около 10 000,более 10 000,более 20 000,около 300 000,более 3 000,около 5 000,более 200,около 500,около 1 000,более 1 000,,около 300,около 50 000,более 2 000,около 2 000,более 300,более 100 000,около 1 000 000,около 500 000,более 200 000,более 300 000,более 1 000 000,около 100 000,более 2 000 000,более 3 000 000,около 5 000 000 +
  12656.9291 * VISITORS_COUNT=более 10 000,более 20 000,около 300 000,более 3 000,около 5 000,более 200,около 500,около 1 000,более 1 000,,около 300,около 50 000,более 2 000,около 2 000,более 300,более 100 000,около 1 000 000,около 500 000,более 200 000,более 300 000,более 1 000 000,около 100 000,более 2 000 000,более 3 000 000,около 5 000 000 +
  -2445.1429 * VISITORS_COUNT=более 20 000,около 300 000,более 3 000,около 5 000,более 200,около 500,около 1 000,более 1 000,,около 300,около 50 000,более 2 000,около 2 000,более 300,более 100 000,около 1 000 000,около 500 000,более 200 000,более 300 000,более 1 000 000,около 100 000,более 2 000 000,более 3 000 000,около 5 000 000 +
-105101.8831 * VISITORS_COUNT=около 300 000,более 3 000,около 5 000,более 200,около 500,около 1 000,более 1 000,,около 300,около 50 000,более 2 000,около 2 000,более 300,более 100 000,около 1 000 000,около 500 000,более 200 000,более 300 000,более 1 000 000,около 100 000,более 2 000 000,более 3 000 000,около 5 000 000 +
 126913.5987 * VISITORS_COUNT=более 3 000,около 5 000,более 200,около 500,около 1 000,более 1 000,,около 300,около 50 000,более 2 000,около 2 000,более 300,более 100 000,около 1 000 000,около 500 000,более 200 000,более 300 000,более 1 000 000,около 100 000,более 2 000 000,более 3 000 000,около 5 000 000 +
 -38620.6387 * VISITORS_COUNT=около 5 000,более 200,около 500,около 1 000,более 1 000,,около 300,около 50 000,более 2 000,около 2 000,более 300,более 100 000,около 1 000 000,около 500 000,более 200 000,более 300 000,более 1 000 000,около 100 000,более 2 000 000,более 3 000 000,около 5 000 000 +
  11285.3875 * VISITORS_COUNT=более 200,около 500,около 1 000,более 1 000,,около 300,около 50 000,более 2 000,около 2 000,более 300,более 100 000,около 1 000 000,около 500 000,более 200 000,более 300 000,более 1 000 000,около 100 000,более 2 000 000,более 3 000 000,около 5 000 000 +
  15207.8918 * VISITORS_COUNT=около 500,около 1 000,более 1 000,,около 300,около 50 000,более 2 000,около 2 000,более 300,более 100 000,около 1 000 000,около 500 000,более 200 000,более 300 000,более 1 000 000,около 100 000,более 2 000 000,более 3 000 000,около 5 000 000 +
   3954.4735 * VISITORS_COUNT=около 1 000,более 1 000,,около 300,около 50 000,более 2 000,около 2 000,более 300,более 100 000,около 1 000 000,около 500 000,более 200 000,более 300 000,более 1 000 000,около 100 000,более 2 000 000,более 3 000 000,около 5 000 000 +
  25268.4904 * VISITORS_COUNT=более 1 000,,около 300,около 50 000,более 2 000,около 2 000,более 300,более 100 000,около 1 000 000,около 500 000,более 200 000,более 300 000,более 1 000 000,около 100 000,более 2 000 000,более 3 000 000,около 5 000 000 +
  -6869.793  * VISITORS_COUNT=,около 300,около 50 000,более 2 000,около 2 000,более 300,более 100 000,около 1 000 000,около 500 000,более 200 000,более 300 000,более 1 000 000,около 100 000,более 2 000 000,более 3 000 000,около 5 000 000 +
  -6792.8612 * VISITORS_COUNT=около 300,около 50 000,более 2 000,около 2 000,более 300,более 100 000,около 1 000 000,около 500 000,более 200 000,более 300 000,более 1 000 000,около 100 000,более 2 000 000,более 3 000 000,около 5 000 000 +
 -18789.3276 * VISITORS_COUNT=около 50 000,более 2 000,около 2 000,более 300,более 100 000,около 1 000 000,около 500 000,более 200 000,более 300 000,более 1 000 000,около 100 000,более 2 000 000,более 3 000 000,около 5 000 000 +
   2072.6338 * VISITORS_COUNT=более 2 000,около 2 000,более 300,более 100 000,около 1 000 000,около 500 000,более 200 000,более 300 000,более 1 000 000,около 100 000,более 2 000 000,более 3 000 000,около 5 000 000 +
  39597.695  * VISITORS_COUNT=около 2 000,более 300,более 100 000,около 1 000 000,около 500 000,более 200 000,более 300 000,более 1 000 000,около 100 000,более 2 000 000,более 3 000 000,около 5 000 000 +
 -26785.087  * VISITORS_COUNT=более 300,более 100 000,около 1 000 000,около 500 000,более 200 000,более 300 000,более 1 000 000,около 100 000,более 2 000 000,более 3 000 000,около 5 000 000 +
 -28515.4495 * VISITORS_COUNT=более 100 000,около 1 000 000,около 500 000,более 200 000,более 300 000,более 1 000 000,около 100 000,более 2 000 000,более 3 000 000,около 5 000 000 +
