
Linear Regression Model

PRICE =

      6.6628 * WEALTH_INDEX +
     -7.147  * EDUCATION_INDEX +
      0.4375 * AVERAGE_SALARY +
   -187.6717 * MARKET_INDEX=,D,B,C,A,AAA,AA +
   -188.5509 * MARKET_INDEX=D,B,C,A,AAA,AA +
   -321.909  * MARKET_INDEX=B,C,A,AAA,AA +
    137.2704 * MARKET_INDEX=C,A,AAA,AA +
    327.0513 * MARKET_INDEX=A,AAA,AA +
  -1169.9135 * MARKET_INDEX=AAA,AA +
   1541.6042 * MARKET_INDEX=AA +
      0.0001 * MARKET_VOLUME +
     -0.6497 * LOCAL_PERCENT +
      1.0922 * LOCAL_PRICE +
   -110.2528 * LOCAL_QUALITY +
   -606.1971 * SHOP_SIZE=500,10000,1000,3,2,5,4,1,100000 +
   -344.4095 * SHOP_SIZE=10000,1000,3,2,5,4,1,100000 +
    365.3882 * SHOP_SIZE=1000,3,2,5,4,1,100000 +
    -49.8204 * SHOP_SIZE=3,2,5,4,1,100000 +
    -50.1973 * SHOP_SIZE=2,5,4,1,100000 +
    -49.9557 * SHOP_SIZE=5,4,1,100000 +
    -48.7695 * SHOP_SIZE=4,1,100000 +
    -48.7779 * SHOP_SIZE=1,100000 +
    -49.8549 * SHOP_SIZE=100000 +
    107.56   * TOWN_DISTRICT=Окраина,Спальный район,,Центр города,Фешенебельный район +
   -264.1016 * TOWN_DISTRICT=Спальный район,,Центр города,Фешенебельный район +
     64.1977 * TOWN_DISTRICT=,Центр города,Фешенебельный район +
     65.233  * TOWN_DISTRICT=Центр города,Фешенебельный район +
    160.6102 * TOWN_DISTRICT=Фешенебельный район +
   -105.2396 * DEPARTMENT_COUNT=5,7,4,8,3,9,2,10,1 +
    378.6736 * DEPARTMENT_COUNT=7,4,8,3,9,2,10,1 +
   -384.9574 * DEPARTMENT_COUNT=8,3,9,2,10,1 +
    231.3931 * DEPARTMENT_COUNT=3,9,2,10,1 +
   -140.0127 * DEPARTMENT_COUNT=9,2,10,1 +
    127.0649 * DEPARTMENT_COUNT=2,10,1 +
   1108.9181 * DEPARTMENT_COUNT=10,1 +
   -631.5146 * DEPARTMENT_COUNT=1 +
    174.17   * BRAND +
     90.2973 * QUALITY +
      0.876  * NOTORIETY +
    337.4853 * VISITORS_COUNT=около 50,около 3 000,около 100,более 100,около 20 000,около 200,около 30 000,более 300,около 500,около 300,более 200,более 3 000,более 2 000,около 5 000,около 1 000,более 10 000,около 10 000,более 1 000 000,более 1 000,более 20 000,,около 100 000,более 100 000,около 50 000,около 2 000,более 2 000 000,более 30 000,около 1 000 000,более 3 000 000,более 200 000,более 300 000,около 500 000,около 5 000 000 +
    325.6613 * VISITORS_COUNT=около 3 000,около 100,более 100,около 20 000,около 200,около 30 000,более 300,около 500,около 300,более 200,более 3 000,более 2 000,около 5 000,около 1 000,более 10 000,около 10 000,более 1 000 000,более 1 000,более 20 000,,около 100 000,более 100 000,около 50 000,около 2 000,более 2 000 000,более 30 000,около 1 000 000,более 3 000 000,более 200 000,более 300 000,около 500 000,около 5 000 000 +
   -247.2917 * VISITORS_COUNT=около 100,более 100,около 20 000,около 200,около 30 000,более 300,около 500,около 300,более 200,более 3 000,более 2 000,около 5 000,около 1 000,более 10 000,около 10 000,более 1 000 000,более 1 000,более 20 000,,около 100 000,более 100 000,около 50 000,около 2 000,более 2 000 000,более 30 000,около 1 000 000,более 3 000 000,более 200 000,более 300 000,около 500 000,около 5 000 000 +
     71.8182 * VISITORS_COUNT=более 100,около 20 000,около 200,около 30 000,более 300,около 500,около 300,более 200,более 3 000,более 2 000,около 5 000,около 1 000,более 10 000,около 10 000,более 1 000 000,более 1 000,более 20 000,,около 100 000,более 100 000,около 50 000,около 2 000,более 2 000 000,более 30 000,около 1 000 000,более 3 000 000,более 200 000,более 300 000,около 500 000,около 5 000 000 +
    343.4232 * VISITORS_COUNT=около 20 000,около 200,около 30 000,более 300,около 500,около 300,более 200,более 3 000,более 2 000,около 5 000,около 1 000,более 10 000,около 10 000,более 1 000 000,более 1 000,более 20 000,,около 100 000,более 100 000,около 50 000,около 2 000,более 2 000 000,более 30 000,около 1 000 000,более 3 000 000,более 200 000,более 300 000,около 500 000,около 5 000 000 +
   -143.997  * VISITORS_COUNT=около 200,около 30 000,более 300,около 500,около 300,более 200,более 3 000,более 2 000,около 5 000,около 1 000,более 10 000,около 10 000,более 1 000 000,более 1 000,более 20 000,,около 100 000,более 100 000,около 50 000,около 2 000,более 2 000 000,более 30 000,около 1 000 000,более 3 000 000,более 200 000,более 300 000,около 500 000,около 5 000 000 +
   2004.146  * VISITORS_COUNT=около 30 000,более 300,около 500,около 300,более 200,более 3 000,более 2 000,около 5 000,около 1 000,более 10 000,около 10 000,более 1 000 000,более 1 000,более 20 000,,около 100 000,более 100 000,около 50 000,около 2 000,более 2 000 000,более 30 000,около 1 000 000,более 3 000 000,более 200 000,более 300 000,около 500 000,около 5 000 000 +
  -2256.5867 * VISITORS_COUNT=более 300,около 500,около 300,более 200,более 3 000,более 2 000,около 5 000,около 1 000,более 10 000,около 10 000,более 1 000 000,более 1 000,более 20 000,,около 100 000,более 100 000,около 50 000,около 2 000,более 2 000 000,более 30 000,около 1 000 000,более 3 000 000,более 200 000,более 300 000,около 500 000,около 5 000 000 +
    267.2    * VISITORS_COUNT=около 500,около 300,более 200,более 3 000,более 2 000,около 5 000,около 1 000,более 10 000,около 10 000,более 1 000 000,более 1 000,более 20 000,,около 100 000,более 100 000,около 50 000,около 2 000,более 2 000 000,более 30 000,около 1 000 000,более 3 000 000,более 200 000,более 300 000,около 500 000,около 5 000 000 +
   -356.6739 * VISITORS_COUNT=около 300,более 200,более 3 000,более 2 000,около 5 000,около 1 000,более 10 000,около 10 000,более 1 000 000,более 1 000,более 20 000,,около 100 000,более 100 000,около 50 000,около 2 000,более 2 000 000,более 30 000,около 1 000 000,более 3 000 000,более 200 000,более 300 000,около 500 000,около 5 000 000 +
    252.2962 * VISITORS_COUNT=более 200,более 3 000,более 2 000,около 5 000,около 1 000,более 10 000,около 10 000,более 1 000 000,более 1 000,более 20 000,,около 100 000,более 100 000,около 50 000,около 2 000,более 2 000 000,более 30 000,около 1 000 000,более 3 000 000,более 200 000,более 300 000,около 500 000,около 5 000 000 +
    492.9747 * VISITORS_COUNT=более 3 000,более 2 000,около 5 000,около 1 000,более 10 000,около 10 000,более 1 000 000,более 1 000,более 20 000,,около 100 000,более 100 000,около 50 000,около 2 000,более 2 000 000,более 30 000,около 1 000 000,более 3 000 000,более 200 000,более 300 000,около 500 000,около 5 000 000 +
   -227.5472 * VISITORS_COUNT=более 2 000,около 5 000,около 1 000,более 10 000,около 10 000,более 1 000 000,более 1 000,более 20 000,,около 100 000,более 100 000,около 50 000,около 2 000,более 2 000 000,более 30 000,около 1 000 000,более 3 000 000,более 200 000,более 300 000,около 500 000,около 5 000 000 +
     33.4347 * VISITORS_COUNT=около 5 000,около 1 000,более 10 000,около 10 000,более 1 000 000,более 1 000,более 20 000,,около 100 000,более 100 000,около 50 000,около 2 000,более 2 000 000,более 30 000,около 1 000 000,более 3 000 000,более 200 000,более 300 000,около 500 000,около 5 000 000 +
    118.7843 * VISITORS_COUNT=около 1 000,более 10 000,около 10 000,более 1 000 000,более 1 000,более 20 000,,около 100 000,более 100 000,около 50 000,около 2 000,более 2 000 000,более 30 000,около 1 000 000,более 3 000 000,более 200 000,более 300 000,около 500 000,около 5 000 000 +
    277.4146 * VISITORS_COUNT=более 10 000,около 10 000,более 1 000 000,более 1 000,более 20 000,,около 100 000,более 100 000,около 50 000,около 2 000,более 2 000 000,более 30 000,около 1 000 000,более 3 000 000,более 200 000,более 300 000,около 500 000,около 5 000 000 +
    776.6773 * VISITORS_COUNT=более 1 000 000,более 1 000,более 20 000,,около 100 000,более 100 000,около 50 000,около 2 000,более 2 000 000,более 30 000,около 1 000 000,более 3 000 000,более 200 000,более 300 000,около 500 000,около 5 000 000 +
   -893.5577 * VISITORS_COUNT=более 1 000,более 20 000,,около 100 000,более 100 000,около 50 000,около 2 000,более 2 000 000,более 30 000,около 1 000 000,более 3 000 000,более 200 000,более 300 000,около 500 000,около 5 000 000 +
