
Linear Regression Model

PRICE =

      0.947  * WEALTH_INDEX +
     -1.8531 * EDUCATION_INDEX +
      0.0683 * AVERAGE_SALARY +
    -11.1198 * MARKET_INDEX=B,D,E,,A,AA,AAA +
     31.713  * MARKET_INDEX=D,E,,A,AA,AAA +
     38.8522 * MARKET_INDEX=E,,A,AA,AAA +
    -62.0268 * MARKET_INDEX=,A,AA,AAA +
    -62.0813 * MARKET_INDEX=A,AA,AAA +
   -103.9814 * MARKET_INDEX=AA,AAA +
    -37.1784 * MARKET_INDEX=AAA +
      0      * MARKET_VOLUME +
      0.156  * LOCAL_PERCENT +
      0.8697 * LOCAL_PRICE +
    -12.043  * LOCAL_QUALITY +
    -75.2746 * SHOP_SIZE=500,10000,1000,3,2,5,4,1,100000 +
   -116.0274 * SHOP_SIZE=10000,1000,3,2,5,4,1,100000 +
     94.8654 * SHOP_SIZE=1000,3,2,5,4,1,100000 +
    -16.4494 * SHOP_SIZE=3,2,5,4,1,100000 +
    -16.7984 * SHOP_SIZE=2,5,4,1,100000 +
    -16.1391 * SHOP_SIZE=5,4,1,100000 +
    -16.7115 * SHOP_SIZE=4,1,100000 +
    -16.7935 * SHOP_SIZE=1,100000 +
    -16.648  * SHOP_SIZE=100000 +
     13.2331 * TOWN_DISTRICT=Окраина,Спальный район,,Центр города,Фешенебельный район +
     -5.2142 * TOWN_DISTRICT=Спальный район,,Центр города,Фешенебельный район +
      3.8245 * TOWN_DISTRICT=Центр города,Фешенебельный район +
     36.3613 * TOWN_DISTRICT=Фешенебельный район +
    -40.662  * DEPARTMENT_COUNT=7,8,6,2,3,9,4,10,1 +
    -25.6205 * DEPARTMENT_COUNT=8,6,2,3,9,4,10,1 +
     39.3311 * DEPARTMENT_COUNT=6,2,3,9,4,10,1 +
     17.4396 * DEPARTMENT_COUNT=3,9,4,10,1 +
     13.8522 * DEPARTMENT_COUNT=9,4,10,1 +
     18.3409 * DEPARTMENT_COUNT=4,10,1 +
     53.4148 * DEPARTMENT_COUNT=10,1 +
    -72.6398 * DEPARTMENT_COUNT=1 +
     24.3936 * BRAND +
      5.96   * QUALITY +
     -0.1221 * NOTORIETY +
   -269.7224 * VISITORS_COUNT=менее 50,около 50,около 100,около 3 000,около 20 000,более 300,более 100,около 300,около 500,более 200,около 10 000,около 200,около 2 000,более 3 000,более 10 000,около 5 000,около 1 000,более 2 000,более 20 000,более 1 000,более 30 000,,около 50 000,около 300 000,около 100 000,более 1 000 000,более 100 000,около 1 000 000,более 200 000,около 500 000,более 300 000,более 2 000 000,более 3 000 000,около 5 000 000 +
     68.8612 * VISITORS_COUNT=около 50,около 100,около 3 000,около 20 000,более 300,более 100,около 300,около 500,более 200,около 10 000,около 200,около 2 000,более 3 000,более 10 000,около 5 000,около 1 000,более 2 000,более 20 000,более 1 000,более 30 000,,около 50 000,около 300 000,около 100 000,более 1 000 000,более 100 000,около 1 000 000,более 200 000,около 500 000,более 300 000,более 2 000 000,более 3 000 000,около 5 000 000 +
    150.8841 * VISITORS_COUNT=около 3 000,около 20 000,более 300,более 100,около 300,около 500,более 200,около 10 000,около 200,около 2 000,более 3 000,более 10 000,около 5 000,около 1 000,более 2 000,более 20 000,более 1 000,более 30 000,,около 50 000,около 300 000,около 100 000,более 1 000 000,более 100 000,около 1 000 000,более 200 000,около 500 000,более 300 000,более 2 000 000,более 3 000 000,около 5 000 000 +
    101.9147 * VISITORS_COUNT=около 20 000,более 300,более 100,около 300,около 500,более 200,около 10 000,около 200,около 2 000,более 3 000,более 10 000,около 5 000,около 1 000,более 2 000,более 20 000,более 1 000,более 30 000,,около 50 000,около 300 000,около 100 000,более 1 000 000,более 100 000,около 1 000 000,более 200 000,около 500 000,более 300 000,более 2 000 000,более 3 000 000,около 5 000 000 +
   -205.2586 * VISITORS_COUNT=более 300,более 100,около 300,около 500,более 200,около 10 000,около 200,около 2 000,более 3 000,более 10 000,около 5 000,около 1 000,более 2 000,более 20 000,более 1 000,более 30 000,,около 50 000,около 300 000,около 100 000,более 1 000 000,более 100 000,около 1 000 000,более 200 000,около 500 000,более 300 000,более 2 000 000,более 3 000 000,около 5 000 000 +
    -15.9523 * VISITORS_COUNT=более 100,около 300,около 500,более 200,около 10 000,около 200,около 2 000,более 3 000,более 10 000,около 5 000,около 1 000,более 2 000,более 20 000,более 1 000,более 30 000,,около 50 000,около 300 000,около 100 000,более 1 000 000,более 100 000,около 1 000 000,более 200 000,около 500 000,более 300 000,более 2 000 000,более 3 000 000,около 5 000 000 +
     42.1067 * VISITORS_COUNT=около 500,более 200,около 10 000,около 200,около 2 000,более 3 000,более 10 000,около 5 000,около 1 000,более 2 000,более 20 000,более 1 000,более 30 000,,около 50 000,около 300 000,около 100 000,более 1 000 000,более 100 000,около 1 000 000,более 200 000,около 500 000,более 300 000,более 2 000 000,более 3 000 000,около 5 000 000 +
    -19.7764 * VISITORS_COUNT=более 200,около 10 000,около 200,около 2 000,более 3 000,более 10 000,около 5 000,около 1 000,более 2 000,более 20 000,более 1 000,более 30 000,,около 50 000,около 300 000,около 100 000,более 1 000 000,более 100 000,около 1 000 000,более 200 000,около 500 000,более 300 000,более 2 000 000,более 3 000 000,около 5 000 000 +
    113.573  * VISITORS_COUNT=около 10 000,около 200,около 2 000,более 3 000,более 10 000,около 5 000,около 1 000,более 2 000,более 20 000,более 1 000,более 30 000,,около 50 000,около 300 000,около 100 000,более 1 000 000,более 100 000,около 1 000 000,более 200 000,около 500 000,более 300 000,более 2 000 000,более 3 000 000,около 5 000 000 +
   -100.8659 * VISITORS_COUNT=около 200,около 2 000,более 3 000,более 10 000,около 5 000,около 1 000,более 2 000,более 20 000,более 1 000,более 30 000,,около 50 000,около 300 000,около 100 000,более 1 000 000,более 100 000,около 1 000 000,более 200 000,около 500 000,более 300 000,более 2 000 000,более 3 000 000,около 5 000 000 +
     62.6114 * VISITORS_COUNT=около 2 000,более 3 000,более 10 000,около 5 000,около 1 000,более 2 000,более 20 000,более 1 000,более 30 000,,около 50 000,около 300 000,около 100 000,более 1 000 000,более 100 000,около 1 000 000,более 200 000,около 500 000,более 300 000,более 2 000 000,более 3 000 000,около 5 000 000 +
     30.8393 * VISITORS_COUNT=более 3 000,более 10 000,около 5 000,около 1 000,более 2 000,более 20 000,более 1 000,более 30 000,,около 50 000,около 300 000,около 100 000,более 1 000 000,более 100 000,около 1 000 000,более 200 000,около 500 000,более 300 000,более 2 000 000,более 3 000 000,около 5 000 000 +
     41.0008 * VISITORS_COUNT=более 10 000,около 5 000,около 1 000,более 2 000,более 20 000,более 1 000,более 30 000,,около 50 000,около 300 000,около 100 000,более 1 000 000,более 100 000,около 1 000 000,более 200 000,около 500 000,более 300 000,более 2 000 000,более 3 000 000,около 5 000 000 +
    -37.8986 * VISITORS_COUNT=около 5 000,около 1 000,более 2 000,более 20 000,более 1 000,более 30 000,,около 50 000,около 300 000,около 100 000,более 1 000 000,более 100 000,около 1 000 000,более 200 000,около 500 000,более 300 000,более 2 000 000,более 3 000 000,около 5 000 000 +
    -29.7313 * VISITORS_COUNT=около 1 000,более 2 000,более 20 000,более 1 000,более 30 000,,около 50 000,около 300 000,около 100 000,более 1 000 000,более 100 000,около 1 000 000,более 200 000,около 500 000,более 300 000,более 2 000 000,более 3 000 000,около 5 000 000 +
     28.2501 * VISITORS_COUNT=более 2 000,более 20 000,более 1 000,более 30 000,,около 50 000,около 300 000,около 100 000,более 1 000 000,более 100 000,около 1 000 000,более 200 000,около 500 000,более 300 000,более 2 000 000,более 3 000 000,около 5 000 000 +
    121.5247 * VISITORS_COUNT=более 20 000,более 1 000,более 30 000,,около 50 000,около 300 000,около 100 000,более 1 000 000,более 100 000,около 1 000 000,более 200 000,около 500 000,более 300 000,более 2 000 000,более 3 000 000,около 5 000 000 +
   -125.9407 * VISITORS_COUNT=более 1 000,более 30 000,,около 50 000,около 300 000,около 100 000,более 1 000 000,более 100 000,около 1 000 000,более 200 000,около 500 000,более 300 000,более 2 000 000,более 3 000 000,около 5 000 000 +
