
Linear Regression Model

PRICE =

     -0.1429 * WEALTH_INDEX +
    -11.9983 * EDUCATION_INDEX +
      0.1593 * AVERAGE_SALARY +
    379.1854 * MARKET_INDEX=E,D,C,B,A,AA +
    125.8028 * MARKET_INDEX=D,C,B,A,AA +
    156.8693 * MARKET_INDEX=C,B,A,AA +
    335.7189 * MARKET_INDEX=A,AA +
   -281.7024 * MARKET_INDEX=AA +
      0      * MARKET_VOLUME +
      3.8201 * LOCAL_PERCENT +
      1.4493 * LOCAL_PRICE +
   -101.1538 * LOCAL_QUALITY +
   -380.2912 * SHOP_SIZE=10000,500,1000,3,2,5,4,1,100000 +
     32.4281 * SHOP_SIZE=500,1000,3,2,5,4,1,100000 +
     97.6992 * SHOP_SIZE=1000,3,2,5,4,1,100000 +
     37.4043 * SHOP_SIZE=3,2,5,4,1,100000 +
     37.5748 * SHOP_SIZE=2,5,4,1,100000 +
     36.7589 * SHOP_SIZE=5,4,1,100000 +
     36.3978 * SHOP_SIZE=4,1,100000 +
     36.2482 * SHOP_SIZE=1,100000 +
     36.114  * SHOP_SIZE=100000 +
    -83.1805 * TOWN_DISTRICT=Пригород,,Центр города,Фешенебельный район +
    100.8209 * TOWN_DISTRICT=,Центр города,Фешенебельный район +
    100.8523 * TOWN_DISTRICT=Центр города,Фешенебельный район +
   -200.6398 * TOWN_DISTRICT=Фешенебельный район +
     51.8183 * DEPARTMENT_COUNT=3,4,2,5,6,7,8,9,1 +
    -35.2721 * DEPARTMENT_COUNT=2,5,6,7,8,9,1 +
    149.1376 * DEPARTMENT_COUNT=5,6,7,8,9,1 +
   -144.5212 * DEPARTMENT_COUNT=6,7,8,9,1 +
   -102.3439 * DEPARTMENT_COUNT=7,8,9,1 +
    128.4354 * DEPARTMENT_COUNT=8,9,1 +
     55.1806 * DEPARTMENT_COUNT=9,1 +
     26.426  * DEPARTMENT_COUNT=1 +
     33.7046 * BRAND +
     51.5315 * QUALITY +
      1.3187 * NOTORIETY +
     35.0634 * VISITORS_COUNT=менее 50,около 100,около 200,более 100,более 300,около 500,более 200,около 5 000,около 1 000,более 3 000,около 10 000,более 30 000,около 300,около 50 000,более 10 000,более 20 000,более 3 000 000,более 1 000,более 2 000,около 2 000,около 30 000,около 100 000,,более 1 000 000,более 100 000,более 2 000 000,около 1 000 000,более 200 000,около 3 000,более 300 000,около 500 000,около 5 000 000 +
    -49.4288 * VISITORS_COUNT=около 100,около 200,более 100,более 300,около 500,более 200,около 5 000,около 1 000,более 3 000,около 10 000,более 30 000,около 300,около 50 000,более 10 000,более 20 000,более 3 000 000,более 1 000,более 2 000,около 2 000,около 30 000,около 100 000,,более 1 000 000,более 100 000,более 2 000 000,около 1 000 000,более 200 000,около 3 000,более 300 000,около 500 000,около 5 000 000 +
    -29.3973 * VISITORS_COUNT=около 200,более 100,более 300,около 500,более 200,около 5 000,около 1 000,более 3 000,около 10 000,более 30 000,около 300,около 50 000,более 10 000,более 20 000,более 3 000 000,более 1 000,более 2 000,около 2 000,около 30 000,около 100 000,,более 1 000 000,более 100 000,более 2 000 000,около 1 000 000,более 200 000,около 3 000,более 300 000,около 500 000,около 5 000 000 +
    155.323  * VISITORS_COUNT=более 100,более 300,около 500,более 200,около 5 000,около 1 000,более 3 000,около 10 000,более 30 000,около 300,около 50 000,более 10 000,более 20 000,более 3 000 000,более 1 000,более 2 000,около 2 000,около 30 000,около 100 000,,более 1 000 000,более 100 000,более 2 000 000,около 1 000 000,более 200 000,около 3 000,более 300 000,около 500 000,около 5 000 000 +
   -154.4488 * VISITORS_COUNT=более 300,около 500,более 200,около 5 000,около 1 000,более 3 000,около 10 000,более 30 000,около 300,около 50 000,более 10 000,более 20 000,более 3 000 000,более 1 000,более 2 000,около 2 000,около 30 000,около 100 000,,более 1 000 000,более 100 000,более 2 000 000,около 1 000 000,более 200 000,около 3 000,более 300 000,около 500 000,около 5 000 000 +
   -104.8624 * VISITORS_COUNT=около 500,более 200,около 5 000,около 1 000,более 3 000,около 10 000,более 30 000,около 300,около 50 000,более 10 000,более 20 000,более 3 000 000,более 1 000,более 2 000,около 2 000,около 30 000,около 100 000,,более 1 000 000,более 100 000,более 2 000 000,около 1 000 000,более 200 000,около 3 000,более 300 000,около 500 000,около 5 000 000 +
    142.0785 * VISITORS_COUNT=более 200,около 5 000,около 1 000,более 3 000,около 10 000,более 30 000,около 300,около 50 000,более 10 000,более 20 000,более 3 000 000,более 1 000,более 2 000,около 2 000,около 30 000,около 100 000,,более 1 000 000,более 100 000,более 2 000 000,около 1 000 000,более 200 000,около 3 000,более 300 000,около 500 000,около 5 000 000 +
   -247.2016 * VISITORS_COUNT=около 5 000,около 1 000,более 3 000,около 10 000,более 30 000,около 300,около 50 000,более 10 000,более 20 000,более 3 000 000,более 1 000,более 2 000,около 2 000,около 30 000,около 100 000,,более 1 000 000,более 100 000,более 2 000 000,около 1 000 000,более 200 000,около 3 000,более 300 000,около 500 000,около 5 000 000 +
     16.4168 * VISITORS_COUNT=около 1 000,более 3 000,около 10 000,более 30 000,около 300,около 50 000,более 10 000,более 20 000,более 3 000 000,более 1 000,более 2 000,около 2 000,около 30 000,около 100 000,,более 1 000 000,более 100 000,более 2 000 000,около 1 000 000,более 200 000,около 3 000,более 300 000,около 500 000,около 5 000 000 +
    102.3597 * VISITORS_COUNT=более 3 000,около 10 000,более 30 000,около 300,около 50 000,более 10 000,более 20 000,более 3 000 000,более 1 000,более 2 000,около 2 000,около 30 000,около 100 000,,более 1 000 000,более 100 000,более 2 000 000,около 1 000 000,более 200 000,около 3 000,более 300 000,около 500 000,около 5 000 000 +
    -91.0593 * VISITORS_COUNT=около 10 000,более 30 000,около 300,около 50 000,более 10 000,более 20 000,более 3 000 000,более 1 000,более 2 000,около 2 000,около 30 000,около 100 000,,более 1 000 000,более 100 000,более 2 000 000,около 1 000 000,более 200 000,около 3 000,более 300 000,около 500 000,около 5 000 000 +
    114.9974 * VISITORS_COUNT=более 30 000,около 300,около 50 000,более 10 000,более 20 000,более 3 000 000,более 1 000,более 2 000,около 2 000,около 30 000,около 100 000,,более 1 000 000,более 100 000,более 2 000 000,около 1 000 000,более 200 000,около 3 000,более 300 000,около 500 000,около 5 000 000 +
    127.1939 * VISITORS_COUNT=около 300,около 50 000,более 10 000,более 20 000,более 3 000 000,более 1 000,более 2 000,около 2 000,около 30 000,около 100 000,,более 1 000 000,более 100 000,более 2 000 000,около 1 000 000,более 200 000,около 3 000,более 300 000,около 500 000,около 5 000 000 +
   -232.1081 * VISITORS_COUNT=около 50 000,более 10 000,более 20 000,более 3 000 000,более 1 000,более 2 000,около 2 000,около 30 000,около 100 000,,более 1 000 000,более 100 000,более 2 000 000,около 1 000 000,более 200 000,около 3 000,более 300 000,около 500 000,около 5 000 000 +
     82.8837 * VISITORS_COUNT=более 10 000,более 20 000,более 3 000 000,более 1 000,более 2 000,около 2 000,около 30 000,около 100 000,,более 1 000 000,более 100 000,более 2 000 000,около 1 000 000,более 200 000,около 3 000,более 300 000,около 500 000,около 5 000 000 +
     35.1038 * VISITORS_COUNT=более 20 000,более 3 000 000,более 1 000,более 2 000,около 2 000,около 30 000,около 100 000,,более 1 000 000,более 100 000,более 2 000 000,около 1 000 000,более 200 000,около 3 000,более 300 000,около 500 000,около 5 000 000 +
   -547.8714 * VISITORS_COUNT=более 3 000 000,более 1 000,более 2 000,около 2 000,около 30 000,около 100 000,,более 1 000 000,более 100 000,более 2 000 000,около 1 000 000,более 200 000,около 3 000,более 300 000,около 500 000,около 5 000 000 +
    543.0627 * VISITORS_COUNT=более 1 000,более 2 000,около 2 000,около 30 000,около 100 000,,более 1 000 000,более 100 000,более 2 000 000,около 1 000 000,более 200 000,около 3 000,более 300 000,около 500 000,около 5 000 000 +
     30.9238 * VISITORS_COUNT=более 2 000,около 2 000,около 30 000,около 100 000,,более 1 000 000,более 100 000,более 2 000 000,около 1 000 000,более 200 000,около 3 000,более 300 000,около 500 000,около 5 000 000 +
   -181.8856 * VISITORS_COUNT=около 2 000,около 30 000,около 100 000,,более 1 000 000,более 100 000,более 2 000 000,около 1 000 000,более 200 000,около 3 000,более 300 000,около 500 000,около 5 000 000 +
