
Linear Regression Model

PRICE =

   -245.0447 * WEALTH_INDEX +
  -6464.3129 * EDUCATION_INDEX +
      6.8692 * AVERAGE_SALARY +
  25078.9159 * MARKET_INDEX=,B,D,A,AA,AAA,C +
  25091.1891 * MARKET_INDEX=B,D,A,AA,AAA,C +
 -26906.3952 * MARKET_INDEX=D,A,AA,AAA,C +
  44125.5951 * MARKET_INDEX=A,AA,AAA,C +
  -7580.0257 * MARKET_INDEX=AA,AAA,C +
     -0.8005 * MARKET_VOLUME +
    762.9928 * LOCAL_PERCENT +
      1.077  * LOCAL_PRICE +
   3029.469  * LOCAL_QUALITY +
 -30156.9915 * SHOP_SIZE=500,1000,10000,3,2,5,4,1,100000 +
 -18185.4808 * SHOP_SIZE=1000,10000,3,2,5,4,1,100000 +
 -19639.7179 * SHOP_SIZE=10000,3,2,5,4,1,100000 +
  -4284.0534 * SHOP_SIZE=3,2,5,4,1,100000 +
  -4290.0592 * SHOP_SIZE=2,5,4,1,100000 +
  -4234.6535 * SHOP_SIZE=5,4,1,100000 +
  -4175.7531 * SHOP_SIZE=4,1,100000 +
  -4212.8297 * SHOP_SIZE=1,100000 +
  -4235.0811 * SHOP_SIZE=100000 +
  10111.418  * TOWN_DISTRICT=Спальный район,Окраина,Центр города,,Фешенебельный район +
  14751.5322 * TOWN_DISTRICT=Окраина,Центр города,,Фешенебельный район +
  -2809.1422 * TOWN_DISTRICT=Центр города,,Фешенебельный район +
   6695.5878 * TOWN_DISTRICT=,Фешенебельный район +
   6683.8474 * TOWN_DISTRICT=Фешенебельный район +
  28531.5261 * DEPARTMENT_COUNT=9,6,5,10,4,1,2,3 +
   2043.992  * DEPARTMENT_COUNT=6,5,10,4,1,2,3 +
   3516.7228 * DEPARTMENT_COUNT=5,10,4,1,2,3 +
   2287.7943 * DEPARTMENT_COUNT=10,4,1,2,3 +
   6985.4325 * DEPARTMENT_COUNT=4,1,2,3 +
   2595.7548 * DEPARTMENT_COUNT=2,3 +
  14230.0476 * DEPARTMENT_COUNT=3 +
  13259.0911 * BRAND +
   -400.4499 * QUALITY +
     -8.6636 * NOTORIETY +
 -79895.8773 * VISITORS_COUNT=менее 50,около 50,около 2 000,около 100,около 200 000,более 100,около 1 000,более 300,более 200,более 3 000,более 2 000,около 300,около 500,около 200,более 20 000,более 1 000,около 5 000,более 3 000 000,около 5 000 000,более 30 000,более 10 000,более 1 000 000,около 10 000,около 1 000 000,более 2 000 000,,более 100 000,более 200 000,около 50 000,более 300 000,около 500 000,около 100 000,около 20 000 +
  14427.7682 * VISITORS_COUNT=около 50,около 2 000,около 100,около 200 000,более 100,около 1 000,более 300,более 200,более 3 000,более 2 000,около 300,около 500,около 200,более 20 000,более 1 000,около 5 000,более 3 000 000,около 5 000 000,более 30 000,более 10 000,более 1 000 000,около 10 000,около 1 000 000,более 2 000 000,,более 100 000,более 200 000,около 50 000,более 300 000,около 500 000,около 100 000,около 20 000 +
 120978.1913 * VISITORS_COUNT=около 200 000,более 100,около 1 000,более 300,более 200,более 3 000,более 2 000,около 300,около 500,около 200,более 20 000,более 1 000,около 5 000,более 3 000 000,около 5 000 000,более 30 000,более 10 000,более 1 000 000,около 10 000,около 1 000 000,более 2 000 000,,более 100 000,более 200 000,около 50 000,более 300 000,около 500 000,около 100 000,около 20 000 +
 -89003.5623 * VISITORS_COUNT=более 100,около 1 000,более 300,более 200,более 3 000,более 2 000,около 300,около 500,около 200,более 20 000,более 1 000,около 5 000,более 3 000 000,около 5 000 000,более 30 000,более 10 000,более 1 000 000,около 10 000,около 1 000 000,более 2 000 000,,более 100 000,более 200 000,около 50 000,более 300 000,около 500 000,около 100 000,около 20 000 +
  27026.2217 * VISITORS_COUNT=около 1 000,более 300,более 200,более 3 000,более 2 000,около 300,около 500,около 200,более 20 000,более 1 000,около 5 000,более 3 000 000,около 5 000 000,более 30 000,более 10 000,более 1 000 000,около 10 000,около 1 000 000,более 2 000 000,,более 100 000,более 200 000,около 50 000,более 300 000,около 500 000,около 100 000,около 20 000 +
 -28363.0027 * VISITORS_COUNT=более 300,более 200,более 3 000,более 2 000,около 300,около 500,около 200,более 20 000,более 1 000,около 5 000,более 3 000 000,около 5 000 000,более 30 000,более 10 000,более 1 000 000,около 10 000,около 1 000 000,более 2 000 000,,более 100 000,более 200 000,около 50 000,более 300 000,около 500 000,около 100 000,около 20 000 +
  15526.2431 * VISITORS_COUNT=более 200,более 3 000,более 2 000,около 300,около 500,около 200,более 20 000,более 1 000,около 5 000,более 3 000 000,около 5 000 000,более 30 000,более 10 000,более 1 000 000,около 10 000,около 1 000 000,более 2 000 000,,более 100 000,более 200 000,около 50 000,более 300 000,около 500 000,около 100 000,около 20 000 +
  32184.7204 * VISITORS_COUNT=более 3 000,более 2 000,около 300,около 500,около 200,более 20 000,более 1 000,около 5 000,более 3 000 000,около 5 000 000,более 30 000,более 10 000,более 1 000 000,около 10 000,около 1 000 000,более 2 000 000,,более 100 000,более 200 000,около 50 000,более 300 000,около 500 000,около 100 000,около 20 000 +
  -6904.3705 * VISITORS_COUNT=более 2 000,около 300,около 500,около 200,более 20 000,более 1 000,около 5 000,более 3 000 000,около 5 000 000,более 30 000,более 10 000,более 1 000 000,около 10 000,около 1 000 000,более 2 000 000,,более 100 000,более 200 000,около 50 000,более 300 000,около 500 000,около 100 000,около 20 000 +
 -55543.7215 * VISITORS_COUNT=около 300,около 500,около 200,более 20 000,более 1 000,около 5 000,более 3 000 000,около 5 000 000,более 30 000,более 10 000,более 1 000 000,около 10 000,около 1 000 000,более 2 000 000,,более 100 000,более 200 000,около 50 000,более 300 000,около 500 000,около 100 000,около 20 000 +
  39411.7936 * VISITORS_COUNT=около 500,около 200,более 20 000,более 1 000,около 5 000,более 3 000 000,около 5 000 000,более 30 000,более 10 000,более 1 000 000,около 10 000,около 1 000 000,более 2 000 000,,более 100 000,более 200 000,около 50 000,более 300 000,около 500 000,около 100 000,около 20 000 +
 -11203.887  * VISITORS_COUNT=около 200,более 20 000,более 1 000,около 5 000,более 3 000 000,около 5 000 000,более 30 000,более 10 000,более 1 000 000,около 10 000,около 1 000 000,более 2 000 000,,более 100 000,более 200 000,около 50 000,более 300 000,около 500 000,около 100 000,около 20 000 +
  77113.5573 * VISITORS_COUNT=более 20 000,более 1 000,около 5 000,более 3 000 000,около 5 000 000,более 30 000,более 10 000,более 1 000 000,около 10 000,около 1 000 000,более 2 000 000,,более 100 000,более 200 000,около 50 000,более 300 000,около 500 000,около 100 000,около 20 000 +
 -48914.4841 * VISITORS_COUNT=более 1 000,около 5 000,более 3 000 000,около 5 000 000,более 30 000,более 10 000,более 1 000 000,около 10 000,около 1 000 000,более 2 000 000,,более 100 000,более 200 000,около 50 000,более 300 000,около 500 000,около 100 000,около 20 000 +
  23813.8911 * VISITORS_COUNT=около 5 000,более 3 000 000,около 5 000 000,более 30 000,более 10 000,более 1 000 000,около 10 000,около 1 000 000,более 2 000 000,,более 100 000,более 200 000,около 50 000,более 300 000,около 500 000,около 100 000,около 20 000 +
 120956.1268 * VISITORS_COUNT=более 3 000 000,около 5 000 000,более 30 000,более 10 000,более 1 000 000,около 10 000,около 1 000 000,более 2 000 000,,более 100 000,более 200 000,около 50 000,более 300 000,около 500 000,около 100 000,около 20 000 +
  -8792.8954 * VISITORS_COUNT=около 5 000 000,более 30 000,более 10 000,более 1 000 000,около 10 000,около 1 000 000,более 2 000 000,,более 100 000,более 200 000,около 50 000,более 300 000,около 500 000,около 100 000,около 20 000 +
 -74902.1325 * VISITORS_COUNT=более 30 000,более 10 000,более 1 000 000,около 10 000,около 1 000 000,более 2 000 000,,более 100 000,более 200 000,около 50 000,более 300 000,около 500 000,около 100 000,около 20 000 +
  -6722.3675 * VISITORS_COUNT=более 10 000,более 1 000 000,около 10 000,около 1 000 000,более 2 000 000,,более 100 000,более 200 000,около 50 000,более 300 000,около 500 000,около 100 000,около 20 000 +
  49091.566  * VISITORS_COUNT=более 1 000 000,около 10 000,около 1 000 000,более 2 000 000,,более 100 000,более 200 000,около 50 000,более 300 000,около 500 000,около 100 000,около 20 000 +
